2015,0,2752
2015,1,1643
2015,10,2641
2015,11,2746
2015,12,3229
2015,13,2712
2015,14,2898
2015,15,2688
2015,16,3254
2015,17,3501
2015,18,3426
2015,19,2855
2015,2,1330
2015,20,2684
2015,21,2264
2015,22,2160
2015,23,1796
2015,3,803
2015,4,539
2015,5,567
2015,6,802
2015,7,1476
2015,8,2095
2015,9,2527
2016,0,4553
2016,1,2893
2016,10,5055
2016,11,4967
2016,12,5721
2016,13,5215
2016,14,5309
2016,15,5126
2016,16,6176
2016,17,6488
2016,18,6424
2016,19,5610
2016,2,2418
2016,20,4952
2016,21,4351
2016,22,4077
2016,23,3323
2016,3,1405
2016,4,1080
2016,5,1004
2016,6,1558
2016,7,2728
2016,8,4098
2016,9,4583
2017,0,4728
2017,1,2875
2017,10,5184
2017,11,5194
2017,12,5851
2017,13,5324
2017,14,5331
2017,15,5360
2017,16,6466
2017,17,6689
2017,18,6288
2017,19,5606
2017,2,2366
2017,20,4897
2017,21,4564
2017,22,4098
2017,23,3314
2017,3,1485
2017,4,1079
2017,5,1046
2017,6,1582
2017,7,2801
2017,8,4157
2017,9,4601
2018,0,3073
2018,1,1858
2018,10,3467
2018,11,3541
2018,12,3878
2018,13,3595
2018,14,3651
2018,15,3348
2018,16,3975
2018,17,4085
2018,18,4164
2018,19,3517
2018,2,1579
2018,20,3317
2018,21,2932
2018,22,2591
2018,23,2163
2018,3,896
2018,4,710
2018,5,694
2018,6,1084
2018,7,1845
2018,8,2693
2018,9,3029
