1001,2015,275
1001,2016,493
1001,2017,457
1001,2018,227
1002,2015,1
1002,2016,1
1102,2015,783
1102,2016,1350
1102,2017,1227
1102,2018,1054
1105,2015,1
1106,2015,657
1106,2016,1078
1106,2017,890
1106,2018,522
1107,2015,166
1107,2016,368
1107,2017,365
1107,2018,166
1108,2015,4
1108,2016,4
1108,2017,4
1108,2018,3
1109,2015,40
1109,2016,92
1109,2017,137
1109,2018,65
111,2015,27
111,2016,47
111,2017,54
111,2018,33
112,2016,1
1201,2015,61
1201,2016,84
1201,2017,108
1201,2018,43
121,2016,3
121,2017,2
123,2016,1
123,2017,1
1300,2015,186
1300,2016,310
1300,2017,286
1300,2018,219
1302,2016,2
1304,2015,71
1304,2016,121
1304,2017,178
1304,2018,82
1402,2015,2660
1402,2016,4953
1402,2017,4773
1402,2018,2768
1415,2015,41
1415,2016,110
1415,2017,64
1415,2018,46
1501,2015,171
1501,2016,279
1501,2017,262
1501,2018,188
1502,2015,1
1502,2016,6
1502,2017,5
1502,2018,1
1503,2015,161
1503,2016,184
1503,2017,149
1503,2018,132
1504,2015,31
1504,2016,46
1504,2017,50
1504,2018,20
1510,2015,49
1510,2016,83
1510,2017,72
1510,2018,34
1601,2015,5
1601,2016,11
1601,2017,13
1602,2015,29
1602,2016,55
1602,2017,71
1602,2018,6
1603,2015,1
1603,2016,2
1603,2017,1
1605,2015,8
1605,2016,2
1605,2017,2
1605,2018,1
1610,2016,2
1610,2017,5
1620,2016,1
1620,2017,1
1805,2015,3
1805,2016,51
1805,2017,45
1805,2018,33
1806,2015,9
1806,2016,40
1806,2017,70
1806,2018,58
1807,2016,1
1807,2017,1
1807,2018,4
1810,2015,576
1810,2016,657
1810,2017,482
1810,2018,276
1815,2015,75
1815,2016,61
1815,2017,46
1815,2018,13
1825,2015,35
1825,2016,17
1825,2017,16
1825,2018,7
1830,2015,212
1830,2016,379
1830,2017,361
1830,2018,253
1831,2015,60
1831,2016,98
1831,2017,75
1831,2018,78
1832,2015,88
1832,2016,153
1832,2017,57
1832,2018,39
1841,2015,271
1841,2016,368
1841,2017,394
1841,2018,296
1842,2015,269
1842,2016,452
1842,2017,484
1842,2018,314
1843,2015,380
1843,2016,556
1843,2017,644
1843,2018,529
1844,2015,77
1844,2016,145
1844,2017,159
1844,2018,77
1845,2015,245
1845,2016,432
1845,2017,126
1845,2018,94
1846,2015,124
1846,2016,182
1846,2017,188
1846,2018,92
1847,2015,6
1847,2016,64
1847,2017,97
1847,2018,38
1848,2015,54
1848,2016,359
1848,2017,259
1848,2018,215
1849,2015,414
1849,2016,784
1849,2017,819
1849,2018,574
1850,2015,3
1850,2016,53
1850,2017,68
1850,2018,30
1863,2015,1
1864,2018,1
1866,2015,1
1866,2016,1
1870,2015,24
1870,2016,17
1870,2017,36
1870,2018,9
1874,2015,369
1874,2016,408
1874,2017,328
1874,2018,169
1901,2015,2
1901,2017,6
2003,2015,41
2003,2016,56
2003,2017,49
2003,2018,40
2004,2015,23
2004,2016,14
2004,2017,14
2004,2018,8
2005,2015,49
2005,2016,80
2005,2017,80
2005,2018,47
2006,2015,36
2006,2016,96
2006,2017,85
2006,2018,52
2007,2015,211
2007,2016,436
2007,2017,437
2007,2018,254
2010,2016,29
2010,2017,32
2010,2018,16
2101,2015,103
2101,2016,157
2101,2017,140
2101,2018,84
2102,2015,15
2102,2016,32
2102,2017,26
2102,2018,17
2204,2015,64
2204,2016,86
2204,2017,73
2204,2018,33
2401,2015,24
2401,2016,79
2401,2017,112
2401,2018,34
2403,2015,156
2403,2016,293
2403,2017,250
2403,2018,138
2405,2015,236
2405,2016,418
2405,2017,472
2405,2018,272
2407,2015,53
2407,2016,35
2407,2017,18
2407,2018,21
2511,2015,9
2511,2016,14
2511,2017,13
2511,2018,8
2604,2015,50
2604,2016,71
2604,2017,35
2604,2018,32
2605,2015,1
2605,2016,1
2605,2017,5
2605,2018,1
2606,2017,1
2608,2015,5
2608,2016,13
2608,2017,13
2608,2018,5
2609,2016,1
2610,2015,522
2610,2016,972
2610,2017,1157
2610,2018,603
2611,2015,2
2611,2016,5
2611,2017,1
2611,2018,4
2612,2015,20
2612,2016,29
2612,2017,49
2612,2018,28
2613,2015,10
2613,2016,18
2613,2017,22
2613,2018,14
2616,2015,61
2616,2016,53
2616,2017,64
2616,2018,49
2617,2015,4
2617,2016,5
2617,2017,4
2617,2018,6
2618,2015,3
2618,2016,4
2618,2017,2
2618,2018,4
2619,2015,29
2619,2016,67
2619,2017,66
2619,2018,58
2622,2015,8
2622,2016,9
2622,2017,23
2622,2018,8
2623,2015,11
2623,2016,16
2623,2017,15
2623,2018,38
2628,2015,6
2628,2016,9
2628,2017,4
2628,2018,12
2629,2015,358
2629,2016,1365
2629,2017,1475
2629,2018,809
2631,2015,1
2631,2016,1
2631,2017,6
2631,2018,2
2632,2015,79
2632,2016,128
2632,2017,116
2632,2018,84
2636,2015,4
2636,2016,1
2636,2017,2
2636,2018,2
2641,2015,4
2641,2016,4
2641,2017,3
2641,2018,4
2642,2015,4
2642,2016,14
2642,2017,10
2642,2018,3
2646,2015,127
2646,2016,192
2646,2017,285
2646,2018,192
2647,2015,1588
2647,2016,2760
2647,2017,2701
2647,2018,1993
2648,2015,17
2648,2016,38
2648,2017,11
2648,2018,9
2657,2015,56
2657,2016,173
2657,2017,87
2657,2018,54
2660,2015,153
2660,2016,190
2660,2017,161
2660,2018,140
2662,2015,166
2662,2016,303
2662,2017,339
2662,2018,173
2663,2015,14
2663,2016,24
2663,2017,5
2663,2018,8
2664,2015,2
2664,2016,3
2664,2017,4
2670,2015,42
2670,2016,35
2670,2017,28
2670,2018,26
2672,2017,2
2900,2015,691
2900,2016,875
2900,2017,699
2900,2018,629
2905,2015,460
2905,2016,634
2905,2017,509
2905,2018,360
2906,2015,240
2906,2016,302
2906,2017,269
2906,2018,240
2907,2015,549
2907,2016,833
2907,2017,708
2907,2018,526
2910,2015,1
2910,2016,1
2914,2015,104
2914,2016,153
2914,2017,128
2914,2018,78
3001,2015,218
3001,2016,364
3001,2017,365
3001,2018,268
3002,2015,71
3002,2016,112
3002,2017,113
3002,2018,71
3004,2015,10
3004,2016,26
3004,2017,16
3004,2018,5
3006,2015,2384
3006,2016,5495
3006,2017,6277
3006,2018,4627
3007,2015,178
3007,2016,409
3007,2017,498
3007,2018,262
3008,2015,72
3008,2016,113
3008,2017,98
3008,2018,73
301,2015,653
301,2016,1031
301,2017,898
301,2018,474
3016,2015,2
3016,2016,6
3016,2018,2
3018,2015,204
3018,2016,453
3018,2017,450
3018,2018,298
3029,2015,7
3029,2016,6
3029,2017,6
3029,2018,4
3102,2015,21
3102,2016,68
3102,2017,63
3102,2018,42
3106,2015,140
3106,2016,294
3106,2017,287
3106,2018,191
3108,2015,189
3108,2016,431
3108,2017,396
3108,2018,253
3109,2015,733
3109,2016,807
3109,2017,346
3109,2018,673
311,2015,78
311,2016,152
311,2017,201
311,2018,123
3110,2015,18
3110,2016,46
3110,2017,67
3110,2018,64
3111,2015,228
3111,2016,585
3111,2017,501
3111,2018,387
3112,2015,166
3112,2016,295
3112,2017,277
3112,2018,230
3114,2015,1269
3114,2016,3354
3114,2017,3972
3114,2018,2529
3115,2015,2512
3115,2016,5764
3115,2017,6660
3115,2018,3818
3116,2015,11
3116,2016,54
3116,2017,100
3116,2018,47
3119,2015,173
3119,2016,183
3119,2017,210
3119,2018,122
3122,2015,4
3122,2016,4
3122,2017,22
3122,2018,6
3123,2015,3
3123,2016,3
3123,2017,5
3123,2018,3
3125,2015,1319
3125,2016,2837
3125,2017,3098
3125,2018,1153
3130,2015,166
3130,2016,293
3130,2017,347
3130,2018,160
315,2015,1
3160,2015,101
3160,2016,153
3160,2017,144
3160,2018,127
3170,2015,63
3170,2016,85
3170,2017,93
3170,2018,68
3201,2015,1418
3201,2016,2633
3201,2017,2837
3201,2018,2005
3202,2015,34
3202,2016,57
3202,2017,82
3202,2018,54
3203,2015,2
3203,2016,5
3203,2017,2
3203,2018,1
3205,2015,74
3205,2016,130
3205,2017,172
3205,2018,117
3207,2015,606
3207,2016,1045
3207,2017,1219
3207,2018,828
3208,2015,107
3208,2016,222
3208,2017,282
3208,2018,247
3301,2015,1509
3301,2016,4099
3301,2017,4436
3301,2018,3055
3302,2015,13
3302,2016,6
3302,2017,3
3302,2018,5
3303,2015,5
3303,2016,14
3303,2017,7
3303,2018,3
3304,2015,150
3304,2016,233
3304,2017,161
3304,2018,76
3305,2015,72
3305,2016,80
3305,2017,72
3305,2018,55
334,2015,1
335,2018,1
338,2016,1
339,2015,1
339,2016,1
339,2017,1
3402,2015,59
3402,2016,82
3402,2017,88
3402,2018,56
3403,2015,1
3403,2016,11
3403,2017,10
3403,2018,5
3410,2015,1559
3410,2016,3223
3410,2017,3951
3410,2018,2554
349,2015,1
3501,2015,637
3501,2016,1273
3501,2017,1160
3501,2018,696
3502,2015,734
3502,2016,1507
3502,2017,1319
3502,2018,805
3503,2015,94
3503,2016,198
3503,2017,169
3503,2018,132
351,2015,29
351,2016,72
351,2017,55
351,2018,25
361,2015,131
361,2016,197
361,2017,170
361,2018,137
3620,2015,22
3620,2016,60
3620,2017,38
3620,2018,46
3625,2015,59
3625,2016,91
3625,2017,83
3625,2018,74
371,2015,37
371,2016,32
371,2017,20
371,2018,15
3801,2015,230
3801,2016,796
3801,2017,1212
3801,2018,687
3802,2015,1008
3802,2016,2055
3802,2017,2075
3802,2018,1419
3803,2015,829
3803,2016,1590
3803,2017,1681
3803,2018,1031
3805,2015,119
3805,2016,240
3805,2017,254
3805,2018,153
3807,2015,116
3807,2016,234
3807,2017,223
3807,2018,159
381,2015,16
381,2016,20
381,2017,31
381,2018,19
3810,2015,185
3810,2016,305
3810,2017,272
3810,2018,154
3811,2015,112
3811,2016,145
3811,2017,95
3811,2018,74
3820,2015,282
3820,2016,572
3820,2017,490
3820,2018,312
3821,2015,75
3821,2016,138
3821,2017,115
3821,2018,86
3830,2015,220
3830,2016,389
3830,2017,413
3830,2018,264
3831,2015,2651
3831,2016,5070
3831,2017,5219
3831,2018,3383
402,2016,1
403,2015,3
403,2016,3
404,2016,1
413,2015,878
413,2016,1475
413,2017,1536
413,2018,998
423,2015,504
423,2016,885
423,2017,868
423,2018,654
432,2015,1
511,2015,1
520,2015,603
520,2016,821
520,2017,779
520,2018,382
521,2015,190
521,2016,195
521,2017,166
521,2018,110
522,2015,629
522,2016,765
522,2017,583
522,2018,382
527,2016,1
530,2015,1
540,2015,173
540,2016,281
540,2017,312
540,2018,148
541,2015,25
541,2016,43
541,2017,30
541,2018,14
542,2015,54
542,2016,107
542,2017,90
542,2018,59
547,2015,1
560,2015,54
560,2016,65
560,2017,82
560,2018,48
561,2015,11
561,2016,11
561,2017,11
561,2018,8
562,2015,47
562,2016,59
562,2017,40
562,2018,25
611,2015,111
611,2016,153
611,2017,112
611,2018,79
612,2015,41
612,2016,57
612,2017,56
612,2018,34
613,2015,1234
613,2016,2450
613,2017,2436
613,2018,1833
614,2015,1668
614,2016,2918
614,2017,2664
614,2018,1644
615,2015,444
615,2016,599
615,2017,525
615,2018,383
616,2015,578
616,2016,664
616,2017,599
616,2018,427
617,2015,1887
617,2016,2778
617,2017,2722
617,2018,1687
618,2015,3
618,2016,3
618,2017,6
618,2018,4
619,2015,1145
619,2016,1793
619,2017,1876
619,2018,1156
623,2015,2
624,2015,1
627,2016,1
629,2016,2
633,2015,3
633,2016,1
634,2016,1
637,2015,1
639,2015,1
670,2015,15
670,2016,15
670,2017,26
670,2018,11
706,2015,214
706,2016,224
706,2017,225
706,2018,152
714,2016,1
724,2015,713
724,2016,1165
724,2017,1058
724,2018,694
727,2015,61
727,2016,145
727,2017,110
727,2018,87
735,2015,137
735,2016,312
735,2017,371
735,2018,231
770,2016,2
801,2015,199
801,2016,254
801,2017,240
801,2018,269
802,2015,2400
802,2016,4468
802,2017,4635
802,2018,3296
803,2015,1
803,2016,1
803,2017,1
804,2015,12
804,2016,17
804,2017,20
804,2018,13
900,2015,11
900,2016,34
900,2017,32
900,2018,17
