1001,1,92
1001,10,125
1001,11,119
1001,12,115
1001,2,98
1001,3,101
1001,4,96
1001,5,129
1001,6,124
1001,7,177
1001,8,142
1001,9,134
1002,12,1
1002,4,1
1102,1,314
1102,10,308
1102,11,311
1102,12,271
1102,2,360
1102,3,359
1102,4,381
1102,5,383
1102,6,440
1102,7,468
1102,8,465
1102,9,354
1105,10,1
1106,1,254
1106,10,255
1106,11,243
1106,12,271
1106,2,216
1106,3,252
1106,4,221
1106,5,231
1106,6,276
1106,7,348
1106,8,324
1106,9,256
1107,1,71
1107,10,83
1107,11,86
1107,12,90
1107,2,101
1107,3,93
1107,4,78
1107,5,74
1107,6,95
1107,7,97
1107,8,113
1107,9,84
1108,1,1
1108,12,1
1108,2,2
1108,3,1
1108,4,2
1108,5,1
1108,6,1
1108,7,4
1108,8,2
1109,1,27
1109,10,22
1109,11,23
1109,12,27
1109,2,24
1109,3,26
1109,4,22
1109,5,32
1109,6,16
1109,7,42
1109,8,41
1109,9,32
111,1,12
111,10,13
111,11,13
111,12,16
111,2,8
111,3,7
111,4,12
111,5,11
111,6,14
111,7,22
111,8,18
111,9,15
112,2,1
1201,1,22
1201,10,23
1201,11,31
1201,12,32
1201,2,17
1201,3,11
1201,4,19
1201,5,24
1201,6,33
1201,7,28
1201,8,34
1201,9,22
121,1,2
121,10,1
121,12,1
121,2,1
123,4,1
123,6,1
1300,1,79
1300,10,89
1300,11,72
1300,12,68
1300,2,60
1300,3,53
1300,4,77
1300,5,86
1300,6,73
1300,7,132
1300,8,133
1300,9,79
1302,11,1
1302,12,1
1304,1,29
1304,10,35
1304,11,34
1304,12,38
1304,2,25
1304,3,30
1304,4,33
1304,5,36
1304,6,46
1304,7,60
1304,8,49
1304,9,37
1402,1,1128
1402,10,1254
1402,11,1121
1402,12,1089
1402,2,1028
1402,3,1065
1402,4,1200
1402,5,1226
1402,6,1455
1402,7,1621
1402,8,1776
1402,9,1191
1415,1,27
1415,10,18
1415,11,23
1415,12,10
1415,2,31
1415,3,23
1415,4,21
1415,5,18
1415,6,24
1415,7,28
1415,8,19
1415,9,19
1501,1,74
1501,10,62
1501,11,70
1501,12,69
1501,2,68
1501,3,65
1501,4,79
1501,5,71
1501,6,70
1501,7,101
1501,8,102
1501,9,69
1502,1,1
1502,10,2
1502,11,1
1502,3,1
1502,4,2
1502,5,3
1502,6,1
1502,8,1
1502,9,1
1503,1,43
1503,10,50
1503,11,49
1503,12,44
1503,2,44
1503,3,44
1503,4,48
1503,5,54
1503,6,63
1503,7,74
1503,8,57
1503,9,56
1504,1,11
1504,10,12
1504,11,8
1504,12,9
1504,2,12
1504,3,7
1504,4,8
1504,5,13
1504,6,16
1504,7,15
1504,8,20
1504,9,16
1510,1,15
1510,10,23
1510,11,19
1510,12,18
1510,2,9
1510,3,18
1510,4,22
1510,5,14
1510,6,25
1510,7,27
1510,8,32
1510,9,16
1601,1,2
1601,10,1
1601,11,3
1601,12,1
1601,3,1
1601,4,2
1601,5,2
1601,6,1
1601,7,7
1601,8,4
1601,9,5
1602,1,15
1602,10,6
1602,11,4
1602,12,2
1602,2,9
1602,3,2
1602,5,24
1602,6,9
1602,7,66
1602,8,14
1602,9,10
1603,3,1
1603,6,1
1603,7,1
1603,8,1
1605,1,2
1605,10,1
1605,6,1
1605,7,4
1605,8,1
1605,9,4
1610,2,1
1610,5,1
1610,7,2
1610,8,1
1610,9,2
1620,4,1
1620,8,1
1805,1,10
1805,10,7
1805,11,6
1805,12,14
1805,2,15
1805,3,19
1805,4,9
1805,5,13
1805,6,6
1805,7,12
1805,8,15
1805,9,6
1806,1,11
1806,10,14
1806,11,7
1806,12,17
1806,2,21
1806,3,19
1806,4,16
1806,5,13
1806,6,17
1806,7,7
1806,8,24
1806,9,11
1807,11,1
1807,3,1
1807,4,2
1807,5,1
1807,7,1
1810,1,154
1810,10,170
1810,11,166
1810,12,116
1810,2,141
1810,3,170
1810,4,97
1810,5,147
1810,6,199
1810,7,241
1810,8,213
1810,9,177
1815,1,11
1815,10,21
1815,11,13
1815,12,10
1815,2,13
1815,3,10
1815,4,10
1815,5,6
1815,6,31
1815,7,33
1815,8,15
1815,9,22
1825,1,3
1825,10,8
1825,11,8
1825,12,5
1825,2,5
1825,3,4
1825,4,3
1825,5,5
1825,6,11
1825,7,4
1825,8,12
1825,9,7
1830,1,73
1830,10,122
1830,11,93
1830,12,76
1830,2,83
1830,3,101
1830,4,98
1830,5,91
1830,6,141
1830,7,120
1830,8,124
1830,9,83
1831,1,33
1831,10,23
1831,11,12
1831,12,19
1831,2,30
1831,3,28
1831,4,21
1831,5,30
1831,6,28
1831,7,33
1831,8,37
1831,9,17
1832,1,32
1832,10,30
1832,11,26
1832,12,19
1832,2,13
1832,3,23
1832,4,24
1832,5,47
1832,6,36
1832,7,26
1832,8,29
1832,9,32
1841,1,143
1841,10,90
1841,11,88
1841,12,64
1841,2,116
1841,3,124
1841,4,96
1841,5,87
1841,6,130
1841,7,148
1841,8,129
1841,9,114
1842,1,95
1842,10,133
1842,11,109
1842,12,90
1842,2,95
1842,3,136
1842,4,113
1842,5,147
1842,6,137
1842,7,185
1842,8,153
1842,9,126
1843,1,158
1843,10,170
1843,11,141
1843,12,100
1843,2,183
1843,3,217
1843,4,181
1843,5,188
1843,6,194
1843,7,224
1843,8,194
1843,9,159
1844,1,31
1844,10,45
1844,11,28
1844,12,22
1844,2,25
1844,3,43
1844,4,27
1844,5,33
1844,6,40
1844,7,69
1844,8,56
1844,9,39
1845,1,56
1845,10,93
1845,11,81
1845,12,73
1845,2,52
1845,3,76
1845,4,61
1845,5,63
1845,6,80
1845,7,86
1845,8,92
1845,9,84
1846,1,40
1846,10,49
1846,11,49
1846,12,35
1846,2,38
1846,3,43
1846,4,34
1846,5,47
1846,6,47
1846,7,67
1846,8,75
1846,9,62
1847,1,12
1847,10,20
1847,11,16
1847,12,11
1847,2,14
1847,3,14
1847,4,12
1847,5,26
1847,6,21
1847,7,22
1847,8,25
1847,9,12
1848,1,57
1848,10,69
1848,11,62
1848,12,61
1848,2,71
1848,3,101
1848,4,81
1848,5,98
1848,6,83
1848,7,74
1848,8,83
1848,9,47
1849,1,165
1849,10,220
1849,11,197
1849,12,145
1849,2,177
1849,3,220
1849,4,197
1849,5,220
1849,6,246
1849,7,316
1849,8,268
1849,9,220
1850,1,11
1850,10,10
1850,11,19
1850,12,8
1850,2,5
1850,3,14
1850,4,17
1850,5,10
1850,6,15
1850,7,17
1850,8,15
1850,9,13
1863,12,1
1864,1,1
1866,12,1
1866,3,1
1870,1,6
1870,10,4
1870,11,6
1870,12,5
1870,2,10
1870,3,6
1870,4,13
1870,5,3
1870,6,6
1870,7,10
1870,8,12
1870,9,5
1874,1,94
1874,10,101
1874,11,103
1874,12,70
1874,2,115
1874,3,129
1874,4,119
1874,5,71
1874,6,116
1874,7,142
1874,8,119
1874,9,95
1901,10,1
1901,11,3
1901,12,1
1901,6,1
1901,8,1
1901,9,1
2003,1,13
2003,10,8
2003,11,4
2003,12,10
2003,2,14
2003,3,21
2003,4,13
2003,5,10
2003,6,20
2003,7,37
2003,8,21
2003,9,15
2004,1,1
2004,10,6
2004,11,3
2004,12,4
2004,2,5
2004,3,6
2004,4,3
2004,5,6
2004,6,6
2004,7,8
2004,8,7
2004,9,4
2005,1,16
2005,10,27
2005,11,22
2005,12,24
2005,2,15
2005,3,17
2005,4,22
2005,5,25
2005,6,26
2005,7,24
2005,8,18
2005,9,20
2006,1,23
2006,10,23
2006,11,26
2006,12,26
2006,2,16
2006,3,18
2006,4,15
2006,5,21
2006,6,17
2006,7,24
2006,8,37
2006,9,23
2007,1,107
2007,10,84
2007,11,110
2007,12,100
2007,2,72
2007,3,107
2007,4,94
2007,5,85
2007,6,109
2007,7,148
2007,8,172
2007,9,150
2010,1,4
2010,10,7
2010,11,8
2010,12,8
2010,2,6
2010,3,2
2010,4,13
2010,5,9
2010,6,5
2010,7,4
2010,8,6
2010,9,5
2101,1,32
2101,10,45
2101,11,32
2101,12,49
2101,2,31
2101,3,47
2101,4,45
2101,5,40
2101,6,43
2101,7,29
2101,8,43
2101,9,48
2102,1,4
2102,10,7
2102,11,8
2102,12,4
2102,2,7
2102,3,11
2102,4,6
2102,5,5
2102,6,8
2102,7,13
2102,8,9
2102,9,8
2204,1,13
2204,10,29
2204,11,21
2204,12,18
2204,2,28
2204,3,18
2204,4,26
2204,5,13
2204,6,9
2204,7,27
2204,8,23
2204,9,31
2401,1,17
2401,10,19
2401,11,21
2401,12,20
2401,2,17
2401,3,22
2401,4,24
2401,5,21
2401,6,27
2401,7,19
2401,8,26
2401,9,16
2403,1,56
2403,10,81
2403,11,52
2403,12,56
2403,2,58
2403,3,62
2403,4,76
2403,5,64
2403,6,77
2403,7,87
2403,8,81
2403,9,87
2405,1,104
2405,10,132
2405,11,88
2405,12,80
2405,2,90
2405,3,109
2405,4,130
2405,5,108
2405,6,126
2405,7,140
2405,8,157
2405,9,134
2407,1,8
2407,10,11
2407,11,11
2407,12,7
2407,2,3
2407,3,8
2407,4,6
2407,5,7
2407,6,21
2407,7,12
2407,8,24
2407,9,9
2511,1,2
2511,10,7
2511,11,5
2511,12,4
2511,2,4
2511,4,3
2511,5,3
2511,6,2
2511,7,4
2511,8,4
2511,9,6
2604,1,19
2604,10,12
2604,11,14
2604,12,8
2604,2,23
2604,3,14
2604,4,15
2604,5,10
2604,6,14
2604,7,27
2604,8,22
2604,9,10
2605,10,2
2605,5,1
2605,6,1
2605,7,1
2605,8,2
2605,9,1
2606,11,1
2608,1,2
2608,10,2
2608,11,3
2608,12,3
2608,2,2
2608,5,5
2608,6,7
2608,7,2
2608,8,7
2608,9,3
2609,12,1
2610,1,222
2610,10,271
2610,11,207
2610,12,214
2610,2,235
2610,3,240
2610,4,231
2610,5,261
2610,6,313
2610,7,376
2610,8,364
2610,9,320
2611,1,2
2611,10,1
2611,2,2
2611,3,1
2611,4,2
2611,7,2
2611,8,2
2612,1,11
2612,10,9
2612,11,12
2612,12,11
2612,2,7
2612,3,9
2612,4,11
2612,5,11
2612,6,9
2612,7,8
2612,8,11
2612,9,17
2613,1,5
2613,10,3
2613,11,2
2613,12,5
2613,2,3
2613,3,2
2613,4,2
2613,5,9
2613,6,11
2613,7,4
2613,8,13
2613,9,5
2616,1,15
2616,10,14
2616,11,22
2616,12,13
2616,2,11
2616,3,7
2616,4,19
2616,5,10
2616,6,27
2616,7,33
2616,8,37
2616,9,19
2617,1,2
2617,11,1
2617,12,2
2617,2,2
2617,3,3
2617,5,2
2617,6,3
2617,7,1
2617,8,2
2617,9,1
2618,1,1
2618,10,1
2618,3,1
2618,5,1
2618,6,1
2618,7,6
2618,8,2
2619,1,19
2619,10,15
2619,11,20
2619,12,10
2619,2,27
2619,3,20
2619,4,11
2619,5,16
2619,6,15
2619,7,29
2619,8,25
2619,9,13
2622,1,5
2622,10,2
2622,11,4
2622,12,1
2622,2,4
2622,3,4
2622,4,3
2622,5,4
2622,6,8
2622,7,5
2622,8,6
2622,9,2
2623,1,10
2623,10,9
2623,11,4
2623,12,1
2623,2,13
2623,3,7
2623,4,6
2623,5,7
2623,6,7
2623,7,7
2623,8,6
2623,9,3
2628,1,6
2628,10,2
2628,11,3
2628,2,6
2628,3,3
2628,4,2
2628,5,3
2628,6,2
2628,7,1
2628,8,1
2628,9,2
2629,1,308
2629,10,299
2629,11,283
2629,12,257
2629,2,257
2629,3,284
2629,4,375
2629,5,371
2629,6,416
2629,7,418
2629,8,415
2629,9,324
2631,1,1
2631,10,4
2631,4,1
2631,5,3
2631,8,1
2632,1,32
2632,10,43
2632,11,22
2632,12,26
2632,2,26
2632,3,30
2632,4,39
2632,5,34
2632,6,40
2632,7,40
2632,8,48
2632,9,27
2636,1,1
2636,11,1
2636,4,1
2636,6,2
2636,7,3
2636,8,1
2641,10,1
2641,11,2
2641,12,3
2641,2,2
2641,3,1
2641,4,2
2641,5,2
2641,7,1
2641,9,1
2642,1,3
2642,10,1
2642,11,4
2642,12,5
2642,3,2
2642,4,1
2642,5,4
2642,6,1
2642,7,1
2642,8,5
2642,9,4
2646,1,34
2646,10,73
2646,11,52
2646,12,42
2646,2,63
2646,3,58
2646,4,50
2646,5,66
2646,6,99
2646,7,77
2646,8,116
2646,9,66
2647,1,643
2647,10,736
2647,11,640
2647,12,615
2647,2,655
2647,3,714
2647,4,704
2647,5,810
2647,6,851
2647,7,955
2647,8,971
2647,9,748
2648,1,6
2648,10,3
2648,11,4
2648,12,4
2648,2,14
2648,3,9
2648,4,7
2648,5,10
2648,6,7
2648,7,3
2648,8,5
2648,9,3
2657,1,17
2657,10,35
2657,11,23
2657,12,11
2657,2,16
2657,3,82
2657,4,25
2657,5,27
2657,6,24
2657,7,37
2657,8,43
2657,9,30
2660,1,53
2660,10,42
2660,11,54
2660,12,43
2660,2,46
2660,3,48
2660,4,52
2660,5,37
2660,6,63
2660,7,79
2660,8,77
2660,9,50
2662,1,65
2662,10,80
2662,11,69
2662,12,72
2662,2,48
2662,3,55
2662,4,62
2662,5,78
2662,6,110
2662,7,137
2662,8,102
2662,9,103
2663,1,4
2663,10,9
2663,11,5
2663,12,3
2663,2,5
2663,4,2
2663,5,3
2663,6,7
2663,7,5
2663,8,6
2663,9,2
2664,11,1
2664,12,2
2664,2,1
2664,6,1
2664,7,2
2664,8,1
2664,9,1
2670,1,13
2670,10,8
2670,11,14
2670,12,12
2670,2,4
2670,3,9
2670,4,9
2670,5,13
2670,6,8
2670,7,19
2670,8,10
2670,9,12
2672,12,1
2672,9,1
2900,1,338
2900,10,212
2900,11,231
2900,12,182
2900,2,222
2900,3,257
2900,4,200
2900,5,181
2900,6,244
2900,7,245
2900,8,333
2900,9,249
2905,1,137
2905,10,163
2905,11,131
2905,12,140
2905,2,146
2905,3,164
2905,4,153
2905,5,140
2905,6,187
2905,7,196
2905,8,225
2905,9,181
2906,1,52
2906,10,88
2906,11,82
2906,12,71
2906,2,96
2906,3,86
2906,4,86
2906,5,75
2906,6,77
2906,7,124
2906,8,105
2906,9,109
2907,1,187
2907,10,191
2907,11,210
2907,12,170
2907,2,211
2907,3,236
2907,4,178
2907,5,225
2907,6,214
2907,7,311
2907,8,262
2907,9,221
2910,6,1
2910,7,1
2914,1,35
2914,10,45
2914,11,37
2914,12,38
2914,2,30
2914,3,40
2914,4,27
2914,5,26
2914,6,43
2914,7,48
2914,8,57
2914,9,37
3001,1,93
3001,10,96
3001,11,92
3001,12,77
3001,2,81
3001,3,115
3001,4,100
3001,5,93
3001,6,107
3001,7,135
3001,8,129
3001,9,97
3002,1,23
3002,10,25
3002,11,23
3002,12,20
3002,2,18
3002,3,19
3002,4,26
3002,5,39
3002,6,34
3002,7,57
3002,8,47
3002,9,36
3004,1,2
3004,10,7
3004,11,3
3004,12,5
3004,3,2
3004,4,3
3004,5,3
3004,6,14
3004,7,6
3004,8,9
3004,9,3
3006,1,1425
3006,10,1324
3006,11,1321
3006,12,1372
3006,2,1372
3006,3,1591
3006,4,1569
3006,5,1837
3006,6,1840
3006,7,1916
3006,8,1789
3006,9,1427
3007,1,128
3007,10,112
3007,11,112
3007,12,108
3007,2,109
3007,3,117
3007,4,108
3007,5,100
3007,6,100
3007,7,115
3007,8,126
3007,9,112
3008,1,27
3008,10,24
3008,11,33
3008,12,20
3008,2,24
3008,3,35
3008,4,21
3008,5,36
3008,6,40
3008,7,36
3008,8,29
3008,9,31
301,1,206
301,10,306
301,11,259
301,12,266
301,2,191
301,3,209
301,4,182
301,5,212
301,6,248
301,7,349
301,8,328
301,9,300
3016,12,1
3016,2,2
3016,3,1
3016,6,1
3016,7,2
3016,8,3
3018,1,129
3018,10,110
3018,11,115
3018,12,108
3018,2,110
3018,3,121
3018,4,106
3018,5,102
3018,6,117
3018,7,127
3018,8,146
3018,9,114
3029,1,1
3029,10,1
3029,11,1
3029,12,1
3029,2,1
3029,3,1
3029,4,5
3029,5,4
3029,6,1
3029,7,4
3029,8,2
3029,9,1
3102,1,19
3102,10,10
3102,11,14
3102,12,14
3102,2,8
3102,3,17
3102,4,14
3102,5,23
3102,6,14
3102,7,20
3102,8,28
3102,9,13
3106,1,61
3106,10,77
3106,11,47
3106,12,51
3106,2,83
3106,3,107
3106,4,60
3106,5,62
3106,6,69
3106,7,110
3106,8,109
3106,9,76
3108,1,119
3108,10,85
3108,11,101
3108,12,88
3108,2,87
3108,3,92
3108,4,108
3108,5,105
3108,6,108
3108,7,146
3108,8,126
3108,9,104
3109,1,241
3109,10,179
3109,11,136
3109,12,172
3109,2,212
3109,3,225
3109,4,230
3109,5,213
3109,6,302
3109,7,239
3109,8,249
3109,9,161
311,1,86
311,10,53
311,11,39
311,12,64
311,2,32
311,3,32
311,4,44
311,5,43
311,6,48
311,7,39
311,8,46
311,9,28
3110,1,19
3110,10,8
3110,11,12
3110,12,15
3110,2,24
3110,3,20
3110,4,15
3110,5,14
3110,6,16
3110,7,24
3110,8,16
3110,9,12
3111,1,124
3111,10,152
3111,11,118
3111,12,95
3111,2,145
3111,3,205
3111,4,174
3111,5,118
3111,6,143
3111,7,156
3111,8,158
3111,9,113
3112,1,84
3112,10,63
3112,11,71
3112,12,57
3112,2,69
3112,3,57
3112,4,80
3112,5,80
3112,6,89
3112,7,111
3112,8,118
3112,9,89
3114,1,772
3114,10,893
3114,11,816
3114,12,786
3114,2,755
3114,3,866
3114,4,827
3114,5,959
3114,6,1170
3114,7,1264
3114,8,1113
3114,9,903
3115,1,1205
3115,10,1572
3115,11,1622
3115,12,1575
3115,2,1120
3115,3,1326
3115,4,1336
3115,5,1504
3115,6,1674
3115,7,1926
3115,8,2167
3115,9,1727
3116,1,14
3116,10,16
3116,11,2
3116,12,6
3116,2,20
3116,3,23
3116,4,16
3116,5,11
3116,6,18
3116,7,45
3116,8,31
3116,9,10
3119,1,61
3119,10,48
3119,11,49
3119,12,51
3119,2,37
3119,3,41
3119,4,46
3119,5,52
3119,6,45
3119,7,85
3119,8,99
3119,9,74
3122,1,5
3122,10,3
3122,11,1
3122,12,4
3122,2,1
3122,3,6
3122,5,3
3122,6,2
3122,7,6
3122,8,5
3123,10,2
3123,11,1
3123,3,1
3123,6,2
3123,7,6
3123,8,1
3123,9,1
3125,1,645
3125,10,719
3125,11,646
3125,12,614
3125,2,518
3125,3,613
3125,4,584
3125,5,644
3125,6,789
3125,7,889
3125,8,969
3125,9,777
3130,1,91
3130,10,79
3130,11,76
3130,12,78
3130,2,66
3130,3,94
3130,4,79
3130,5,46
3130,6,92
3130,7,83
3130,8,87
3130,9,95
315,8,1
3160,1,33
3160,10,28
3160,11,40
3160,12,30
3160,2,35
3160,3,38
3160,4,44
3160,5,45
3160,6,58
3160,7,72
3160,8,70
3160,9,32
3170,1,20
3170,10,25
3170,11,19
3170,12,22
3170,2,20
3170,3,23
3170,4,30
3170,5,30
3170,6,29
3170,7,31
3170,8,36
3170,9,24
3201,1,593
3201,10,705
3201,11,594
3201,12,663
3201,2,620
3201,3,682
3201,4,678
3201,5,718
3201,6,893
3201,7,974
3201,8,1040
3201,9,733
3202,1,21
3202,10,15
3202,11,13
3202,12,16
3202,2,13
3202,3,21
3202,4,21
3202,5,25
3202,6,26
3202,7,17
3202,8,23
3202,9,16
3203,10,2
3203,11,1
3203,12,1
3203,2,2
3203,4,1
3203,6,1
3203,7,2
3205,1,36
3205,10,27
3205,11,21
3205,12,29
3205,2,40
3205,3,47
3205,4,48
3205,5,38
3205,6,49
3205,7,60
3205,8,59
3205,9,39
3207,1,239
3207,10,265
3207,11,328
3207,12,244
3207,2,225
3207,3,295
3207,4,285
3207,5,298
3207,6,339
3207,7,434
3207,8,462
3207,9,284
3208,1,52
3208,10,63
3208,11,46
3208,12,53
3208,2,50
3208,3,74
3208,4,65
3208,5,76
3208,6,111
3208,7,101
3208,8,106
3208,9,61
3301,1,1098
3301,10,886
3301,11,870
3301,12,959
3301,2,977
3301,3,987
3301,4,1017
3301,5,1151
3301,6,1230
3301,7,1462
3301,8,1464
3301,9,998
3302,1,4
3302,10,5
3302,11,1
3302,12,2
3302,2,2
3302,3,2
3302,4,1
3302,5,1
3302,6,2
3302,7,1
3302,9,6
3303,1,2
3303,10,3
3303,11,1
3303,12,3
3303,2,2
3303,4,4
3303,6,1
3303,7,1
3303,8,3
3303,9,9
3304,1,48
3304,10,108
3304,11,55
3304,12,25
3304,2,50
3304,3,42
3304,4,58
3304,5,28
3304,6,33
3304,7,25
3304,8,31
3304,9,117
3305,1,13
3305,10,17
3305,11,36
3305,12,20
3305,2,22
3305,3,20
3305,4,28
3305,5,18
3305,6,22
3305,7,43
3305,8,22
3305,9,18
334,7,1
335,7,1
338,2,1
339,1,1
339,2,1
339,7,1
3402,1,8
3402,10,27
3402,11,15
3402,12,19
3402,2,13
3402,3,11
3402,4,21
3402,5,27
3402,6,32
3402,7,44
3402,8,38
3402,9,30
3403,1,2
3403,10,1
3403,11,4
3403,12,2
3403,2,2
3403,3,3
3403,4,3
3403,5,7
3403,7,2
3403,8,1
3410,1,713
3410,10,899
3410,11,814
3410,12,843
3410,2,787
3410,3,894
3410,4,846
3410,5,1012
3410,6,1108
3410,7,1086
3410,8,1347
3410,9,938
349,8,1
3501,1,300
3501,10,343
3501,11,302
3501,12,291
3501,2,258
3501,3,244
3501,4,277
3501,5,295
3501,6,382
3501,7,406
3501,8,353
3501,9,315
3502,1,364
3502,10,380
3502,11,336
3502,12,330
3502,2,329
3502,3,317
3502,4,356
3502,5,364
3502,6,424
3502,7,452
3502,8,369
3502,9,344
3503,1,60
3503,10,50
3503,11,42
3503,12,38
3503,2,42
3503,3,49
3503,4,49
3503,5,52
3503,6,76
3503,7,46
3503,8,51
3503,9,38
351,1,14
351,10,18
351,11,12
351,12,22
351,2,10
351,3,18
351,4,17
351,5,18
351,6,14
351,7,12
351,8,12
351,9,14
361,1,62
361,10,57
361,11,60
361,12,54
361,2,43
361,3,43
361,4,41
361,5,52
361,6,57
361,7,71
361,8,43
361,9,52
3620,1,13
3620,10,7
3620,11,7
3620,12,6
3620,2,13
3620,3,17
3620,4,12
3620,5,20
3620,6,21
3620,7,25
3620,8,18
3620,9,7
3625,1,68
3625,10,28
3625,11,17
3625,12,16
3625,2,23
3625,3,20
3625,4,15
3625,5,15
3625,6,26
3625,7,29
3625,8,22
3625,9,28
371,1,9
371,10,10
371,11,11
371,12,12
371,2,5
371,3,5
371,4,9
371,5,8
371,6,8
371,7,10
371,8,7
371,9,10
3801,1,185
3801,10,256
3801,11,210
3801,12,205
3801,2,170
3801,3,222
3801,4,214
3801,5,233
3801,6,297
3801,7,320
3801,8,358
3801,9,255
3802,1,475
3802,10,535
3802,11,490
3802,12,542
3802,2,429
3802,3,522
3802,4,497
3802,5,516
3802,6,621
3802,7,679
3802,8,711
3802,9,540
3803,1,349
3803,10,447
3803,11,397
3803,12,398
3803,2,339
3803,3,393
3803,4,376
3803,5,454
3803,6,507
3803,7,536
3803,8,513
3803,9,422
3805,1,60
3805,10,63
3805,11,60
3805,12,64
3805,2,62
3805,3,53
3805,4,49
3805,5,63
3805,6,75
3805,7,91
3805,8,70
3805,9,56
3807,1,62
3807,10,57
3807,11,56
3807,12,55
3807,2,49
3807,3,65
3807,4,49
3807,5,57
3807,6,73
3807,7,70
3807,8,63
3807,9,76
381,1,10
381,10,7
381,11,6
381,12,3
381,2,5
381,3,3
381,4,6
381,5,7
381,6,10
381,7,7
381,8,13
381,9,9
3810,1,26
3810,10,96
3810,11,71
3810,12,52
3810,2,30
3810,3,39
3810,4,48
3810,5,70
3810,6,125
3810,7,108
3810,8,144
3810,9,107
3811,1,12
3811,10,30
3811,11,39
3811,12,29
3811,2,28
3811,3,11
3811,4,19
3811,5,45
3811,6,65
3811,7,64
3811,8,43
3811,9,41
3820,1,165
3820,10,155
3820,11,139
3820,12,141
3820,2,126
3820,3,131
3820,4,121
3820,5,113
3820,6,119
3820,7,163
3820,8,164
3820,9,119
3821,1,18
3821,10,37
3821,11,30
3821,12,40
3821,2,30
3821,3,35
3821,4,31
3821,5,37
3821,6,45
3821,7,37
3821,8,38
3821,9,36
3830,1,113
3830,10,107
3830,11,103
3830,12,106
3830,2,69
3830,3,92
3830,4,82
3830,5,111
3830,6,116
3830,7,137
3830,8,141
3830,9,109
3831,1,1281
3831,10,1309
3831,11,1116
3831,12,1341
3831,2,1202
3831,3,1346
3831,4,1252
3831,5,1331
3831,6,1492
3831,7,1636
3831,8,1735
3831,9,1282
402,1,1
403,1,1
403,10,3
403,11,1
403,6,1
404,10,1
413,1,335
413,10,345
413,11,361
413,12,357
413,2,311
413,3,307
413,4,358
413,5,399
413,6,539
413,7,584
413,8,531
413,9,460
423,1,197
423,10,217
423,11,202
423,12,190
423,2,206
423,3,212
423,4,221
423,5,272
423,6,270
423,7,372
423,8,319
423,9,233
432,8,1
511,8,1
520,1,184
520,10,238
520,11,200
520,12,217
520,2,179
520,3,176
520,4,169
520,5,200
520,6,245
520,7,277
520,8,254
520,9,246
521,1,47
521,10,50
521,11,45
521,12,47
521,2,33
521,3,44
521,4,40
521,5,44
521,6,81
521,7,73
521,8,96
521,9,61
522,1,153
522,10,220
522,11,162
522,12,169
522,2,162
522,3,157
522,4,144
522,5,160
522,6,257
522,7,269
522,8,299
522,9,207
527,1,1
530,7,1
540,1,63
540,10,99
540,11,78
540,12,66
540,2,50
540,3,46
540,4,72
540,5,77
540,6,93
540,7,87
540,8,92
540,9,91
541,1,9
541,10,18
541,11,12
541,12,5
541,2,10
541,3,8
541,4,8
541,5,6
541,6,7
541,7,9
541,8,13
541,9,7
542,1,26
542,10,30
542,11,25
542,12,30
542,2,12
542,3,17
542,4,25
542,5,32
542,6,31
542,7,23
542,8,34
542,9,25
547,12,1
560,1,15
560,10,21
560,11,17
560,12,22
560,2,5
560,3,15
560,4,21
560,5,23
560,6,23
560,7,29
560,8,35
560,9,23
561,1,1
561,11,4
561,12,2
561,2,1
561,3,1
561,4,1
561,5,4
561,6,7
561,7,11
561,8,2
561,9,7
562,1,12
562,10,3
562,11,12
562,12,17
562,2,8
562,3,16
562,4,14
562,5,18
562,6,13
562,7,14
562,8,25
562,9,19
611,1,37
611,10,39
611,11,34
611,12,42
611,2,19
611,3,28
611,4,29
611,5,41
611,6,47
611,7,44
611,8,49
611,9,46
612,1,15
612,10,15
612,11,19
612,12,17
612,2,11
612,3,10
612,4,12
612,5,15
612,6,26
612,7,17
612,8,13
612,9,18
613,1,682
613,10,604
613,11,642
613,12,643
613,2,527
613,3,561
613,4,644
613,5,632
613,6,713
613,7,875
613,8,831
613,9,599
614,1,655
614,10,821
614,11,714
614,12,667
614,2,513
614,3,554
614,4,594
614,5,616
614,6,872
614,7,1076
614,8,1069
614,9,743
615,1,153
615,10,158
615,11,152
615,12,150
615,2,128
615,3,143
615,4,160
615,5,168
615,6,157
615,7,193
615,8,228
615,9,161
616,1,52
616,10,203
616,11,133
616,12,75
616,2,53
616,3,73
616,4,110
616,5,171
616,6,289
616,7,401
616,8,411
616,9,297
617,1,705
617,10,769
617,11,712
617,12,819
617,2,652
617,3,631
617,4,665
617,5,656
617,6,809
617,7,972
617,8,963
617,9,721
618,10,1
618,11,3
618,12,2
618,3,3
618,4,2
618,5,2
618,6,3
619,1,426
619,10,507
619,11,418
619,12,481
619,2,355
619,3,417
619,4,380
619,5,464
619,6,632
619,7,682
619,8,704
619,9,504
623,7,1
623,8,1
624,12,1
627,1,1
629,1,1
629,6,1
633,6,2
633,9,2
634,8,1
637,7,1
639,7,1
670,1,5
670,10,1
670,11,4
670,12,5
670,2,3
670,3,6
670,4,6
670,5,4
670,6,3
670,7,12
670,8,10
670,9,8
706,1,14
706,10,67
706,11,26
706,12,17
706,2,21
706,3,16
706,4,34
706,5,60
706,6,115
706,7,170
706,8,167
706,9,108
714,11,1
724,1,279
724,10,278
724,11,295
724,12,299
724,2,213
724,3,209
724,4,260
724,5,301
724,6,382
724,7,401
724,8,385
724,9,328
727,1,46
727,10,33
727,11,26
727,12,38
727,2,25
727,3,31
727,4,22
727,5,40
727,6,30
727,7,43
727,8,39
727,9,30
735,1,94
735,10,72
735,11,75
735,12,79
735,2,73
735,3,90
735,4,86
735,5,78
735,6,97
735,7,109
735,8,109
735,9,89
770,11,1
770,3,1
801,1,80
801,10,67
801,11,51
801,12,58
801,2,68
801,3,78
801,4,91
801,5,90
801,6,106
801,7,123
801,8,87
801,9,63
802,1,1131
802,10,1168
802,11,1136
802,12,1116
802,2,918
802,3,1086
802,4,1198
802,5,1336
802,6,1448
802,7,1576
802,8,1576
802,9,1110
803,10,1
803,2,1
803,3,1
804,1,8
804,10,5
804,12,2
804,2,5
804,3,5
804,4,2
804,5,6
804,6,5
804,7,9
804,8,12
804,9,3
900,1,7
900,10,5
900,11,8
900,12,6
900,2,2
900,3,11
900,4,6
900,5,5
900,6,15
900,7,7
900,8,12
900,9,10
