0,1,1052
1,1,735
11,1,1207
13,1,1221
18,1,1428
2,1,649
20,1,1128
13,10,1275
15,10,1296
2,10,632
4,10,270
7,10,709
1,11,702
11,11,1240
13,11,1251
14,11,1310
16,11,1372
21,11,979
22,11,885
3,11,301
8,11,928
1,12,641
10,12,1153
11,12,1250
14,12,1289
16,12,1510
7,12,642
14,2,1181
15,2,1069
19,2,1177
22,2,763
23,2,658
5,2,223
7,2,576
9,2,1037
1,3,675
16,3,1535
23,3,738
6,3,426
0,4,1141
12,4,1364
17,4,1436
20,4,1111
21,4,1070
5,4,219
3,5,325
8,5,1058
9,5,1199
11,6,1499
16,6,1769
17,6,1951
20,6,1490
3,6,462
6,6,473
8,6,1274
9,6,1359
0,7,1664
13,7,1786
15,7,1773
19,7,1808
20,7,1688
3,7,508
5,7,334
0,8,1648
18,8,2185
19,8,1840
1,9,749
10,9,1395
13,9,1337
23,9,910
4,9,271
9,9,1229
