14,1,1294
16,1,1420
23,1,708
4,1,227
5,1,265
9,1,1056
16,10,1614
17,10,1558
19,10,1377
23,10,850
9,10,1247
19,11,1261
2,11,487
5,11,216
9,11,1103
18,12,1348
21,12,1015
23,12,785
10,2,1076
2,2,477
8,2,849
10,3,1198
18,3,1509
19,3,1289
20,3,1090
22,3,914
4,3,233
7,3,709
13,4,1194
15,4,1218
22,4,993
4,4,277
7,4,643
12,5,1518
17,5,1720
2,5,565
4,5,251
5,5,240
0,6,1443
21,6,1467
22,6,1293
1,7,991
18,7,2140
22,7,1443
6,7,511
7,7,854
8,7,1296
9,7,1505
13,8,1785
14,8,1778
16,8,1995
22,8,1440
3,8,491
5,8,373
8,8,1405
11,9,1358
12,9,1495
15,9,1299
18,9,1720
19,9,1398
22,9,1112
3,9,395
5,9,290
7,9,744
