10,1,1202
12,1,1380
19,1,1231
22,1,877
6,1,366
10,10,1247
18,10,1548
20,10,1270
21,10,1015
22,10,989
5,10,272
8,10,1121
0,11,1067
12,11,1365
15,11,1273
17,11,1530
23,11,734
4,11,269
6,11,360
15,12,1195
2,12,504
4,12,248
9,12,1057
0,2,975
11,2,1155
16,2,1345
17,2,1272
18,2,1339
20,2,1074
21,2,922
3,2,295
12,3,1310
13,3,1349
15,3,1290
17,3,1539
3,3,318
5,3,262
1,4,644
10,4,1199
19,4,1381
2,4,605
6,4,359
9,4,1085
0,5,1190
11,5,1314
13,5,1339
15,5,1330
16,5,1672
6,5,383
7,5,764
1,6,837
12,6,1771
13,6,1561
15,6,1515
19,6,1638
2,6,721
4,6,325
10,7,1770
16,7,1945
21,7,1601
23,7,1187
1,8,982
10,8,1761
15,8,1678
2,8,908
21,8,1513
23,8,1203
4,8,381
7,8,979
16,9,1597
17,9,1673
8,9,1029
