15,1,1174
17,1,1441
21,1,975
3,1,349
7,1,662
8,1,1022
0,10,1290
1,10,790
11,10,1231
12,10,1480
14,10,1341
3,10,342
6,10,381
10,11,1263
18,11,1440
20,11,1092
7,11,670
0,12,1093
12,12,1376
13,12,1216
17,12,1503
19,12,1202
20,12,1106
22,12,961
3,12,325
5,12,221
6,12,434
8,12,921
1,2,653
12,2,1305
13,2,1136
4,2,216
6,2,366
0,3,1080
11,3,1231
14,3,1235
2,3,515
21,3,1023
8,3,985
9,3,1091
11,4,1208
14,4,1239
16,4,1515
18,4,1415
23,4,808
3,4,367
8,4,994
1,5,649
10,5,1354
14,5,1374
18,5,1606
19,5,1390
20,5,1269
21,5,1173
22,5,1037
23,5,826
10,6,1479
14,6,1611
18,6,1754
23,6,1022
5,6,333
7,6,825
11,7,1749
12,7,1995
14,7,1748
17,7,2166
2,7,831
4,7,348
11,8,1705
12,8,1947
17,8,2115
20,8,1801
6,8,508
9,8,1608
0,9,1192
14,9,1333
2,9,609
20,9,1310
21,9,1084
6,9,392
