00121,12,1
00121,8,1
00123,18,1
00301,10,48
00301,20,233
00301,23,200
00301,5,55
00301,7,52
00301,9,45
00311,10,17
00311,12,16
00311,14,26
00311,19,42
00311,4,4
00311,5,6
00311,7,14
00311,9,12
00351,13,24
00351,17,9
00351,7,1
00361,14,30
00361,16,26
00361,5,13
00361,8,11
00371,13,5
00371,14,9
00371,15,4
00371,17,2
00371,23,5
00371,5,1
00381,1,3
00381,10,2
00381,13,1
00381,14,4
00381,15,2
00381,18,4
00381,19,3
00381,2,3
00381,20,5
00381,3,2
00381,4,2
00381,9,1
00413,16,277
00413,21,285
00413,3,122
00423,0,146
00423,18,179
00423,20,166
00423,21,159
00423,23,119
00423,3,58
00423,6,31
00423,9,112
00520,17,170
00520,18,176
00520,21,100
00520,4,34
00520,6,53
00520,8,181
00521,1,30
00521,12,48
00521,20,18
00521,23,23
00521,3,20
00522,1,66
00522,10,98
00522,12,148
00522,13,91
00522,14,106
00522,17,115
00522,23,85
00522,4,32
00522,5,32
00540,10,27
00540,12,22
00540,15,21
00540,23,37
00540,3,67
00541,17,1
00541,18,4
00541,21,4
00541,23,4
00541,4,8
00541,8,3
00542,10,22
00542,11,12
00542,12,7
00542,4,6
00542,5,12
00542,7,14
00560,0,12
00560,10,11
00560,11,12
00560,3,5
00561,10,2
00561,17,2
00561,18,1
00561,20,5
00561,8,2
00562,0,12
00562,4,2
00562,8,8
00562,9,7
00611,0,26
00611,10,23
00611,18,25
00611,2,26
00611,20,20
00611,21,16
00611,23,26
00611,3,4
00611,5,1
00611,6,7
00612,18,13
00612,19,13
00612,2,6
00613,16,745
00613,17,668
00613,18,601
00613,20,391
00613,22,116
00613,5,18
00613,6,37
00613,9,268
00614,10,379
00614,11,340
00614,13,310
00614,15,361
00614,16,475
00614,17,536
00614,21,547
00614,23,404
00614,5,120
00614,7,279
00614,8,415
00614,9,393
00615,1,42
00615,10,67
00615,21,107
00615,8,101
00616,0,91
00616,11,96
00616,14,116
00616,2,15
00616,21,103
00616,9,123
00617,15,564
00617,2,95
00617,21,321
00617,23,232
00617,3,61
00618,17,3
00619,11,358
00619,16,425
00619,19,333
00619,20,284
00619,5,45
00619,6,44
00706,10,34
00706,16,50
00706,18,55
00706,4,11
00706,5,7
00706,6,10
00706,7,22
00706,8,27
00724,15,173
00724,17,190
00724,19,212
00727,12,35
00727,14,20
00727,20,14
00727,3,7
00727,5,7
00727,8,20
00735,14,57
00735,17,50
00735,21,46
00735,23,35
00735,3,13
00735,4,7
00735,5,9
00801,11,40
00801,18,64
00801,9,22
00802,0,814
00802,11,673
00802,20,813
00802,23,616
00802,3,270
00802,6,166
00804,12,6
00804,14,6
00900,0,7
00900,12,5
00900,19,3
00900,2,6
00900,21,4
01001,19,59
01001,3,7
01001,4,7
01001,5,2
01102,12,531
01102,20,125
01102,21,99
01102,3,11
01102,5,14
01102,9,308
01106,12,329
01106,16,190
01106,20,97
01106,7,53
01106,8,132
01106,9,206
01107,18,53
01107,3,2
01107,7,14
01107,8,47
01108,17,2
01109,0,45
01109,12,45
01109,14,26
01109,22,6
01201,12,37
01201,17,16
01201,23,4
01201,8,17
01300,10,51
01300,4,14
01300,8,37
01300,9,38
01304,11,22
01304,17,22
01304,20,24
01304,23,14
01304,6,9
01402,17,859
01402,19,885
01402,21,869
01402,22,886
01402,4,213
01402,6,317
01415,12,20
01415,13,11
01415,17,10
01415,3,5
01415,8,12
01501,Sunday,92
01501,Wednesday,153
01502,13,1
01502,18,3
01502,19,2
01504,0,5
01504,1,7
01504,12,7
01504,15,9
01504,16,7
01504,21,10
01504,22,11
01504,6,2
01504,7,1
01504,9,2
01510,10,16
01510,14,14
01510,18,11
01510,21,14
01510,22,8
01510,3,6
01510,6,2
01601,21,3
01601,22,1
01601,7,1
01602,21,2
01602,22,4
01605,20,1
01605,21,2
01605,3,1
01610,10,1
01805,0,3
01805,14,5
01805,15,7
01805,22,1
01805,23,1
01805,6,10
01806,0,7
01806,10,12
01806,11,6
01806,13,15
01806,6,8
01806,8,4
01807,22,1
01810,0,65
01810,12,83
01810,13,119
01810,14,125
01810,22,13
01810,3,2
01810,6,9
01815,0,2
01815,11,7
01815,15,10
01815,7,3
01815,9,4
01825,10,6
01825,12,3
01825,17,8
01825,18,20
01825,21,2
01830,12,57
01830,16,82
01830,18,96
01830,20,85
01830,23,35
01830,6,24
01830,8,29
01831,10,6
01831,13,15
01831,15,8
01831,18,26
01831,22,14
01831,6,7
01831,8,3
01832,0,17
01832,1,15
01832,22,18
01841,15,89
01841,16,122
01841,19,130
01841,22,18
01841,4,3
01841,6,14
01841,7,18
01843,10,58
01843,12,97
01843,14,131
01843,16,208
01843,2,18
01843,21,47
01844,0,8
01844,10,19
01844,11,30
01844,12,34
01844,3,1
01844,4,5
01844,5,1
01845,11,38
01845,19,103
01845,20,48
01845,6,5
01846,0,13
01846,11,46
01846,17,55
01846,18,58
01846,2,7
01846,23,2
01846,6,2
01846,9,20
01847,0,5
01847,11,21
01847,12,15
01847,13,9
01847,20,5
01847,21,2
01847,22,1
01847,9,10
01848,16,95
01848,20,43
01848,21,21
01848,6,4
01848,8,10
01850,0,4
01850,16,25
01850,4,1
01870,19,5
01870,6,2
01870,9,4
01874,10,35
01874,11,46
01874,15,84
01874,17,164
01874,19,94
01874,7,40
01901,13,1
01901,17,2
01901,21,1
02003,16,12
02003,18,9
02003,2,1
02003,20,7
02003,22,8
02003,9,9
02004,22,2
02004,7,1
02004,9,8
02005,0,27
02005,12,30
02005,16,22
02005,17,20
02005,20,15
02005,7,8
02006,1,12
02006,15,12
02006,18,25
02006,22,9
02006,4,3
02007,0,41
02007,10,69
02007,13,72
02007,14,78
02007,21,59
02007,7,38
02007,9,69
02010,1,4
02010,11,3
02010,22,4
02101,13,7
02101,14,8
02101,17,21
02101,18,10
02101,4,13
02102,10,6
02102,15,1
02102,16,6
02102,20,7
02204,10,2
02204,19,10
02204,23,41
02204,6,1
02401,0,14
02401,10,7
02401,11,10
02401,19,17
02401,3,7
02401,5,1
02401,6,3
02403,10,37
02403,12,34
02403,13,30
02403,14,13
02403,18,21
02403,21,42
02403,6,10
02405,0,89
02405,1,120
02405,12,57
02405,15,56
02405,19,71
02405,23,63
02405,3,31
02405,5,13
02405,8,35
02407,13,9
02407,15,6
02407,16,7
02407,2,1
02407,20,9
02407,3,1
02511,0,2
02511,16,3
02511,17,3
02511,21,1
02511,3,3
02511,8,1
02604,10,13
02604,11,7
02604,19,10
02604,2,3
02604,20,6
02604,23,2
02604,5,3
02605,18,1
02605,20,1
02608,0,1
02608,14,1
02608,7,2
02608,8,1
02609,10,1
02610,10,162
02610,12,197
02610,16,205
02610,18,247
02610,23,79
02611,14,2
02611,15,1
02611,18,2
02611,20,1
02612,17,5
02612,19,5
02612,21,4
02612,5,3
02612,8,2
02613,10,2
02613,17,10
02613,20,4
02613,7,2
02613,9,3
02616,1,15
02616,12,9
02616,17,14
02616,2,11
02616,22,7
02616,5,5
02616,7,10
02617,0,1
02617,17,4
02617,4,1
02617,5,1
02617,6,1
02618,1,3
02618,10,1
02618,23,1
02619,14,22
02619,15,13
02619,19,4
02622,19,6
02623,10,5
02623,15,7
02623,17,5
02623,22,4
02623,6,1
02623,8,4
02628,1,1
02628,10,3
02628,13,1
02628,9,4
02629,1,51
02629,10,231
02629,12,317
02629,14,245
02629,18,262
02629,5,26
02629,9,214
02631,10,2
02631,11,1
02631,8,1
02632,1,25
02632,13,22
02632,14,17
02632,15,18
02632,2,28
02632,20,21
02632,5,8
02636,12,1
02636,14,1
02641,14,1
02641,16,1
02641,9,1
02642,12,4
02642,14,1
02642,15,3
02642,2,1
02646,10,73
02646,13,30
02646,15,14
02646,21,19
02646,22,22
02646,7,1
02647,14,593
02647,18,567
02647,19,529
02647,8,339
02648,12,12
02648,21,3
02648,23,2
02657,1,14
02657,14,25
02657,15,25
02657,21,8
02657,9,17
02660,1,33
02660,13,40
02662,15,38
02662,16,45
02662,2,47
02662,4,17
02662,8,18
02663,0,1
02663,1,1
02663,10,6
02663,13,7
02663,17,3
02663,18,2
02663,4,2
02670,10,8
02670,11,10
02670,16,10
02670,21,5
02670,23,1
02670,5,1
02670,6,3
02670,8,3
02670,9,8
02900,11,167
02900,14,108
02900,18,168
02900,19,141
02900,2,139
02900,21,94
02900,4,19
02900,6,35
02905,11,112
02905,13,99
02905,18,150
02905,19,105
02905,20,63
02905,23,37
02905,4,18
02905,6,16
02906,11,73
02906,16,52
02906,20,37
02906,21,35
02906,8,58
02907,13,107
02907,20,87
02907,3,34
02914,20,16
02914,21,18
02914,3,8
03001,18,55
03002,13,22
03002,18,28
03002,21,13
03002,3,1
03004,11,4
03004,12,2
03004,18,6
03006,15,991
03006,20,981
03006,3,313
03007,11,100
03007,2,28
03007,20,58
03007,23,33
03007,3,16
03008,12,14
03008,23,15
03008,4,11
03008,5,6
03008,8,5
03016,0,2
03016,21,1
03018,15,64
03018,4,34
03029,0,4
03029,11,2
03029,2,2
03029,23,2
03029,6,1
03102,1,4
03102,16,13
03102,17,7
03102,20,6
03102,7,4
03106,10,54
03106,15,38
03106,18,45
03106,21,31
03106,5,11
03106,9,42
03108,12,88
03108,4,108
03108,9,104
03109,1,65
03109,12,186
03109,14,153
03109,19,85
03109,5,53
03110,1,3
03110,13,9
03110,17,7
03110,19,5
03110,22,1
03111,10,14
03111,18,49
03111,20,39
03111,9,6
03112,0,40
03112,1,13
03112,10,72
03112,13,73
03112,8,34
03114,0,566
03114,12,573
03114,13,530
03114,14,487
03114,2,344
03114,20,544
03114,3,267
03114,7,372
03114,8,351
03114,9,461
03115,0,766
03115,1,447
03115,10,954
03115,2,391
03115,20,1020
03115,7,402
03115,8,592
03116,10,12
03116,17,16
03116,18,21
03116,19,20
03116,20,6
03116,4,6
03116,6,1
03116,8,4
03119,11,53
03119,12,74
03119,15,39
03119,16,46
03119,20,26
03119,22,12
03119,23,9
03119,7,15
03122,11,5
03122,21,2
03122,3,1
03123,1,1
03123,13,2
03125,15,409
03125,21,268
03125,7,186
03130,0,35
03130,1,2
03130,10,71
03130,22,13
03130,3,5
03130,8,36
03130,9,59
0315,8,1
03160,10,28
03160,3,38
03160,7,72
03160,8,70
03160,9,32
03170,0,16
03170,11,27
03170,15,19
03170,2,5
03170,3,2
03170,5,5
03201,14,603
03201,20,419
03201,22,296
03201,23,288
03201,6,83
03201,8,287
03202,0,8
03202,1,7
03202,10,15
03202,14,15
03202,20,9
03202,22,11
03202,5,1
03202,9,14
03203,10,1
03203,8,1
03205,14,25
03205,18,34
03205,2,8
03205,8,35
03207,13,215
03207,15,209
03207,16,209
03207,17,194
03207,20,159
03207,21,144
03207,4,21
03207,5,31
03207,6,63
03207,7,114
03208,1,14
03208,10,45
03208,12,56
03208,16,58
03208,3,10
03208,5,6
03208,8,34
03301,14,702
03301,15,696
03301,22,805
03301,4,127
03301,6,186
03302,1,1
03303,0,9
03303,1,2
03303,12,1
03303,2,3
03303,23,6
03303,3,2
03304,12,4
03304,13,2
03304,14,7
03304,21,19
03304,6,4
03305,11,38
03305,15,19
03305,18,10
03305,5,1
03305,7,15
0335,1,1
0338,13,1
03402,1,4
03402,11,17
03402,15,13
03402,6,7
03403,1,1
03403,11,1
03403,13,2
03403,16,3
03403,21,3
03403,22,2
03403,23,1
03403,9,1
03410,0,461
03410,15,219
03410,4,97
03410,5,170
03410,8,1442
0349,20,1
03501,20,190
03501,21,208
03501,5,30
03501,6,109
03501,7,138
03501,8,168
03502,14,213
03502,21,239
03502,3,52
03502,4,39
03502,6,130
03502,7,161
03502,8,199
03503,4,4
03503,8,24
03620,0,3
03620,13,14
03620,16,9
03620,17,7
03620,20,6
03620,21,5
03620,6,5
03620,7,3
03620,8,6
03625,1,10
03625,13,25
03625,18,16
03625,23,4
03801,1,88
03801,10,133
03801,14,146
03801,15,172
03801,23,91
03801,9,139
03802,0,259
03802,10,321
03802,16,371
03802,3,150
03802,7,293
03802,8,316
03803,0,119
03803,14,311
03803,17,335
03803,18,303
03803,22,191
03803,3,91
03803,7,242
03803,9,252
03805,12,45
03805,16,48
03805,20,28
03805,21,28
03805,3,13
03805,7,15
03805,9,42
03807,11,46
03807,13,44
03807,2,10
03807,23,12
03810,16,70
03810,3,3
03811,13,24
03811,15,19
03811,17,54
03811,19,23
03811,3,1
03811,6,3
03820,11,75
03820,18,118
03820,19,98
03820,6,63
03820,7,89
03820,8,90
03821,19,21
03821,20,20
03821,5,1
03821,6,10
03830,11,51
03830,6,18
03830,8,60
03831,10,749
03831,12,796
03831,15,830
03831,17,1180
03831,4,142
03831,5,179
0402,1,1
0403,0,1
0432,14,1
0511,19,1
0547,11,1
0613,20,1
0613,9,1
0619,1,1
0619,14,1
0619,18,1
0637,10,1
0670,16,2
0670,19,1
0670,4,1
0670,7,1
0670,8,8
0724,19,1
0727,10,1
0770,2,1
0802,12,1
0803,21,1
1102,11,1
1302,9,1
1601,1,1
1841,11,2
1848,6,1
2610,12,1
2610,9,1
2647,21,1
2910,18,1
3109,21,1
3125,1,2
3125,17,1
3125,18,2
3130,11,1
3130,14,1
