00111,Saturday,33
00111,Tuesday,29
00121,16,1
00301,1,190
00301,14,110
00301,17,153
00301,18,164
00301,19,177
00301,2,198
00301,22,230
00301,4,68
00311,0,13
00311,11,17
00311,2,5
00311,22,53
00311,6,8
00351,10,12
00351,18,3
00351,20,1
00351,8,7
00361,0,34
00361,10,20
00361,13,28
00361,19,35
00361,20,35
00361,3,17
00361,7,19
00371,0,5
00371,11,8
00371,19,7
00371,8,3
00371,9,1
00381,11,2
00381,16,6
00381,22,7
00413,18,272
00413,19,280
00413,20,257
00413,5,50
00413,7,83
00423,1,111
00423,11,125
00423,12,154
00423,13,165
00423,16,203
00423,17,151
00423,2,99
00423,22,167
00520,0,79
00520,13,141
00520,2,41
00520,22,85
00520,23,79
00520,3,27
00521,13,24
00521,14,39
00521,17,30
00521,21,35
00521,4,18
00521,5,19
00521,8,28
00521,9,30
00522,15,108
00522,18,133
00522,19,141
00522,2,39
00522,21,112
00522,22,113
00522,6,66
00522,8,127
00540,0,65
00540,1,52
00540,11,15
00540,20,26
00540,4,74
00540,6,54
00540,7,49
00540,8,40
00541,1,11
00541,16,2
00541,19,4
00541,3,9
00541,5,7
00541,6,6
00541,7,5
00542,0,17
00542,17,11
00542,18,15
00542,3,8
00542,6,12
00542,9,21
00560,1,5
00560,19,11
00560,2,5
00560,4,6
00561,1,3
00561,16,2
00561,3,1
00561,4,1
00562,1,1
00562,13,3
00562,14,12
00562,18,11
00562,6,3
00562,7,7
00611,13,20
00611,7,1
00612,0,5
00612,1,8
00612,12,11
00612,13,8
00612,14,7
00612,15,9
00612,16,10
00612,22,10
00613,14,754
00613,15,724
00613,19,521
00613,3,36
00613,8,212
00614,14,337
00614,2,191
00614,22,543
00614,4,97
00615,0,93
00615,17,134
00615,18,136
00615,19,134
00615,2,23
00615,4,25
00616,13,111
00616,17,159
00616,22,86
00616,23,69
00616,3,17
00616,6,31
00616,7,65
00617,0,433
00617,1,176
00617,10,544
00617,11,501
00617,13,576
00617,18,590
00617,19,479
00617,5,68
00617,9,390
00618,13,3
00618,8,2
00619,10,331
00619,15,367
00619,17,426
00619,18,392
00619,2,110
00619,3,62
00706,11,27
00706,19,58
00706,22,53
00706,23,51
00706,3,13
00724,0,189
00724,10,142
00724,11,150
00724,13,147
00724,18,232
00724,23,184
00724,4,55
00724,5,38
00724,6,83
00724,7,89
00727,10,18
00727,11,20
00727,13,21
00727,18,19
00727,19,24
00727,2,9
00727,22,18
00727,4,3
00735,10,96
00735,16,53
00735,19,43
00735,6,23
00735,7,25
00801,0,40
00801,12,54
00801,20,48
00801,21,48
00801,23,40
00801,4,15
00801,7,30
00801,8,26
00802,14,779
00802,16,918
00802,18,883
00802,19,837
00802,2,682
00802,5,123
00802,9,473
00804,15,7
00804,17,5
00804,19,2
00900,1,4
00900,10,3
00900,13,3
00900,15,4
00900,20,4
00900,22,3
00900,3,5
00900,6,3
00900,7,2
01001,10,102
01001,13,110
01001,2,6
01001,6,10
01001,7,21
01001,8,50
01102,18,210
01102,2,22
01102,22,51
01102,6,18
01102,7,59
01106,15,152
01106,21,75
01107,10,89
01107,13,71
01107,14,75
01107,15,73
01107,16,64
01107,2,4
01107,23,5
01107,5,2
01108,12,2
01108,15,1
01109,10,19
01109,13,22
01109,17,17
01109,19,3
01109,2,5
01109,20,7
01109,21,6
01109,3,1
01109,8,27
01201,11,15
01201,14,23
01201,20,9
01201,22,2
01201,6,1
01201,9,15
01300,0,42
01300,1,63
01300,18,72
01300,21,41
01300,23,23
01304,10,14
01304,12,26
01304,13,21
01304,21,20
01304,3,13
01304,9,25
01402,1,523
01402,11,620
01402,15,626
01402,18,963
01402,20,931
01402,3,259
01402,5,219
01402,7,492
01402,9,614
01415,0,24
01415,1,11
01415,11,19
01415,15,11
01415,16,11
01415,19,7
01415,4,3
01415,5,3
01415,7,11
01415,9,12
01501,Monday,131
01502,0,2
01502,15,3
01503,Friday,92
01503,Sunday,57
01503,Tuesday,88
01504,11,7
01504,17,7
01504,18,9
01504,20,7
01504,5,2
01510,0,11
01510,1,16
01510,23,11
01510,5,2
01510,7,1
01510,9,6
01601,20,1
01602,0,4
01602,12,7
01602,15,11
01602,17,8
01602,18,14
01603,0,1
01603,11,1
01605,22,2
01610,0,1
01610,13,1
01620,20,1
01805,10,9
01805,16,14
01805,19,10
01805,9,10
01806,15,9
01806,18,15
01806,23,1
01806,4,7
01810,1,2
01810,10,60
01810,16,283
01810,18,271
01810,19,213
01810,20,122
01810,23,1
01810,9,21
01815,10,4
01815,16,29
01815,20,4
01815,23,1
01815,3,3
01815,8,5
01825,0,3
01825,15,3
01825,19,8
01825,20,2
01825,22,1
01830,11,52
01830,14,62
01830,5,8
01830,9,25
01831,0,19
01831,12,19
01831,16,25
01831,20,20
01832,13,21
01832,14,12
01832,17,19
01832,2,12
01832,21,31
01832,23,12
01832,3,4
01841,10,53
01841,11,76
01841,13,101
01841,14,90
01841,18,179
01841,2,9
01841,23,8
01841,8,19
01841,9,20
01842,Saturday,185
01843,11,71
01843,20,138
01843,3,7
01843,7,14
01844,1,6
01844,14,32
01844,15,33
01844,16,41
01844,22,6
01844,8,18
01845,1,17
01845,12,43
01845,17,108
01845,2,11
01845,21,28
01845,5,2
01845,8,27
01846,10,36
01846,15,43
01846,19,36
01846,22,9
01847,3,1
01848,0,20
01848,13,51
01848,14,48
01848,15,60
01848,18,102
01848,2,6
01848,22,20
01848,23,8
01848,4,9
01848,5,2
01850,10,8
01850,14,12
01850,22,2
01850,3,2
01850,9,4
01870,12,6
01870,18,9
01870,5,1
01874,2,3
01874,21,33
01874,22,19
01874,23,7
01874,4,5
01874,9,27
01901,15,1
01901,16,1
02003,1,4
02003,11,8
02003,13,10
02003,17,14
02004,10,4
02004,16,4
02004,8,2
02005,10,15
02005,11,6
02005,15,12
02005,21,11
02005,5,1
02005,9,8
02006,11,13
02006,17,20
02006,19,12
02006,2,2
02006,23,6
02006,5,2
02007,1,19
02007,3,11
02007,4,7
02007,8,39
02010,0,5
02010,12,7
02010,13,2
02010,14,3
02010,16,5
02010,23,3
02010,8,2
02010,9,1
02101,1,70
02101,10,8
02101,22,37
02101,6,7
02101,8,2
02102,12,6
02102,7,1
02204,11,5
02204,13,3
02204,17,9
02204,20,13
02204,21,16
02204,4,1
02401,12,18
02401,14,11
02401,17,16
02401,2,22
02401,22,13
02401,9,8
02403,0,77
02403,16,31
02403,22,38
02403,7,19
02403,8,39
02405,10,64
02405,11,58
02405,13,52
02405,18,88
02405,20,90
02405,21,73
02405,22,71
02405,4,11
02407,10,5
02407,12,13
02407,14,5
02407,17,8
02407,21,3
02407,4,1
02407,5,3
02407,6,2
02407,8,5
02407,9,3
02511,20,4
02511,4,1
02511,6,4
02604,0,7
02604,13,17
02604,7,3
02604,8,9
02605,1,1
02605,16,1
02608,1,1
02608,10,2
02608,13,1
02608,20,1
02608,22,3
02608,23,3
02608,4,1
02610,15,148
02610,17,227
02610,2,98
02610,22,103
02610,4,44
02610,8,121
02612,13,7
02612,2,8
02612,3,4
02612,4,5
02612,7,3
02613,19,1
02613,23,2
02613,3,1
02613,6,1
02616,11,14
02616,13,8
02616,14,13
02616,16,11
02616,9,7
02617,15,1
02617,22,1
02618,13,2
02618,20,1
02618,9,1
02619,1,3
02619,11,16
02619,13,5
02619,20,9
02619,21,7
02619,23,2
02619,3,2
02619,7,10
02622,1,3
02622,13,3
02622,15,4
02622,16,1
02622,4,1
02623,19,5
02623,21,6
02623,23,3
02628,0,4
02629,0,266
02629,17,262
02629,21,152
02629,22,131
02629,3,27
02629,4,20
02629,7,100
02632,10,9
02632,16,18
02632,3,26
02632,4,6
02641,0,1
02641,15,1
02641,21,1
02642,16,1
02642,7,2
02646,1,5
02646,11,96
02646,17,86
02646,19,51
02646,2,3
02646,9,34
02647,1,142
02647,11,558
02647,12,667
02647,15,598
02647,17,562
02647,21,385
02647,22,307
02647,3,56
02648,13,8
02648,14,1
02648,17,4
02648,6,2
02648,8,1
02657,12,27
02657,16,25
02657,17,28
02657,2,11
02657,3,2
02657,6,1
02660,0,37
02660,11,36
02660,17,29
02660,18,44
02660,2,38
02660,22,24
02660,23,28
02660,4,9
02660,8,30
02662,17,50
02662,18,50
02662,3,39
02662,6,14
02663,15,2
02663,19,1
02663,6,1
02664,16,1
02664,17,3
02664,8,1
02670,18,10
02670,19,9
02670,22,3
02670,7,1
02672,12,1
02900,17,189
02905,0,81
02905,14,106
02905,16,102
02905,3,25
02905,7,32
02905,8,99
02906,0,43
02906,17,80
02906,18,88
02906,19,44
02906,2,35
02906,5,3
02907,0,112
02907,14,119
02907,16,115
02907,2,147
02907,23,54
02907,5,9
02907,6,15
02914,13,19
02914,14,21
02914,16,19
02914,17,30
02914,23,16
02914,6,4
02914,7,8
02914,8,16
03001,1,28
03001,17,57
03001,19,47
03001,2,19
03001,21,44
03001,23,43
03001,3,24
03001,9,55
03002,1,2
03002,11,22
03002,12,26
03002,14,28
03002,16,16
03002,17,36
03002,19,24
03002,2,3
03002,22,15
03002,5,4
03002,8,20
03002,9,25
03004,14,2
03004,15,4
03004,16,2
03004,19,7
03004,2,1
03004,20,7
03004,21,1
03004,8,4
03006,0,772
03006,1,635
03006,23,636
03006,4,278
03006,9,795
03007,12,65
03007,14,82
03007,16,57
03007,6,53
03008,1,18
03008,10,17
03008,13,17
03008,15,24
03008,16,12
03008,18,23
03008,19,19
03008,20,22
03008,9,9
03016,22,1
03018,0,64
03018,11,75
03018,13,78
03018,16,65
03018,17,75
03018,20,73
03018,7,46
03018,9,49
03029,1,1
03029,10,1
03029,21,2
03102,11,9
03102,13,14
03102,15,7
03102,21,9
03102,5,8
03102,6,5
03102,8,12
03106,11,52
03106,13,61
03106,17,59
03106,22,26
03108,11,101
03108,3,92
03108,8,126
03109,0,79
03109,10,239
03109,16,124
03109,17,144
03109,2,43
03109,23,39
03109,6,49
03109,7,71
03109,8,146
03109,9,217
03110,0,33
03110,11,15
03110,14,23
03110,2,4
03111,14,40
03111,17,74
03111,21,78
03111,22,153
03112,11,64
03112,19,58
03112,20,61
03112,22,34
03112,23,20
03112,6,11
03114,4,194
03115,13,1100
03115,14,1119
03115,16,1255
03115,23,597
03115,4,200
03115,5,169
03115,6,213
03116,1,4
03116,15,11
03116,2,6
03116,21,8
03116,23,7
03116,9,7
03119,1,18
03119,19,26
03119,2,8
03119,3,4
03122,12,3
03122,14,2
03122,18,3
03123,12,2
03125,20,329
03125,9,527
03160,1,33
03160,11,40
03170,1,4
03170,10,20
03170,12,27
03170,16,16
03170,17,16
03170,23,8
03201,12,751
03201,17,563
03201,18,517
03201,21,337
03201,4,23
03201,5,31
03202,11,10
03202,19,17
03202,21,14
03202,23,7
03202,7,6
03203,1,1
03203,20,2
03205,0,37
03205,10,22
03205,12,37
03205,17,38
03205,6,7
03205,9,21
03207,12,254
03207,18,225
03207,2,68
03207,3,45
03208,11,59
03208,14,55
03208,18,51
03208,20,31
03301,16,718
03301,19,862
03301,21,870
03302,2,3
03302,23,5
03302,5,1
03303,14,1
03303,7,1
03304,1,91
03304,16,6
03304,18,9
03304,23,136
03304,4,10
03304,7,3
03305,10,26
03305,19,9
03305,4,1
0339,2,2
03402,0,9
03402,10,14
03402,12,12
03402,17,25
03402,21,13
03402,4,2
03403,2,1
03403,8,1
03410,10,1115
03410,12,512
03410,13,403
03410,14,291
03410,3,127
03410,7,1212
03501,13,187
03501,14,200
03501,16,230
03501,19,170
03502,0,239
03502,10,181
03502,12,216
03502,13,212
03502,19,191
03502,9,171
03503,12,30
03503,15,28
03503,16,51
03503,17,52
03503,18,67
03503,2,9
03503,7,18
03620,1,2
03625,0,14
03625,10,23
03625,16,21
03625,20,7
03625,21,8
03625,4,4
03625,6,9
03801,12,160
03801,18,144
03801,2,108
03801,21,135
03801,3,61
03801,4,48
03801,5,49
03802,2,240
03802,5,132
03803,1,106
03803,16,372
03803,8,283
03805,0,27
03805,13,40
03805,14,47
03805,18,32
03805,19,41
03805,2,23
03805,23,12
03807,0,13
03807,10,34
03807,19,33
03807,21,20
03807,22,14
03807,3,8
03807,7,40
03810,0,9
03810,11,36
03810,12,54
03810,14,57
03810,19,44
03810,7,48
03810,8,99
03811,10,15
03811,12,27
03811,14,28
03811,18,45
03811,21,8
03811,22,4
03811,23,4
03811,9,33
03820,1,14
03820,13,80
03820,16,129
03820,2,18
03820,22,66
03820,23,39
03820,3,6
03820,4,8
03820,5,22
03821,0,10
03821,1,5
03821,10,20
03821,13,18
03821,16,33
03821,17,35
03830,12,66
03830,15,74
03830,16,78
03830,19,80
03830,20,71
03830,23,50
03830,3,23
03830,5,16
03830,7,31
03830,9,40
03831,14,801
03831,16,1080
03831,2,415
03831,22,771
03831,23,666
0403,1,1
0404,10,1
0613,0,1
0617,13,1
0617,19,1
0623,22,1
0633,12,2
0633,18,1
0670,1,4
0670,10,2
0670,13,4
0670,14,3
0670,15,4
0670,20,1
0670,21,4
0770,1,1
0802,0,1
0803,1,1
1001,0,1
1105,10,1
1402,13,1
1503,0,1
1602,0,1
1605,9,1
1841,18,2
1841,2,1
1842,Friday,1
1848,15,1
1849,Monday,1
1849,Saturday,1
2003,21,1
2407,13,1
2610,11,1
2610,18,2
2610,22,1
2616,0,1
2632,10,1
3115,19,2
3125,12,2
3125,15,2
3125,8,1
