00111,Monday,11
00111,Thursday,22
00111,Wednesday,28
00112,10,1
00301,12,86
00301,13,90
00301,16,133
00301,3,106
00301,6,38
00301,8,52
00311,1,8
00311,13,20
00311,16,26
00311,17,30
00311,18,38
00311,21,72
00311,23,24
00351,11,19
00351,12,15
00351,15,21
00351,16,21
00351,9,12
00361,1,30
00361,11,18
00361,12,24
00361,2,36
00361,22,41
00361,4,11
00361,9,20
00371,1,4
00371,16,2
00371,20,3
00371,3,3
00371,4,3
00381,12,4
00381,17,4
00381,5,5
00381,6,1
00413,0,316
00413,11,161
00413,15,230
00413,17,256
00413,6,62
00413,8,135
00413,9,112
00423,10,114
00423,14,151
00520,1,38
00520,12,159
00520,14,134
00520,15,144
00520,19,119
00520,7,106
00520,9,148
00521,11,33
00521,16,29
00521,6,11
00521,7,32
00522,0,118
00522,9,135
00540,13,11
00540,17,22
00540,18,33
00540,19,30
00540,22,31
00540,5,60
00540,9,52
00541,10,10
00541,12,7
00541,2,3
00541,22,4
00542,13,8
00542,2,9
00542,23,19
00542,8,16
00560,14,10
00560,15,11
00560,18,14
00560,20,13
00560,22,12
00560,23,7
00560,5,6
00560,6,9
00560,7,10
00560,8,11
00561,0,2
00561,11,2
00561,13,1
00561,19,2
00561,21,2
00561,22,1
00561,23,3
00561,7,1
00562,16,12
00562,17,10
00562,20,9
00562,21,8
00562,23,9
00562,3,2
00611,1,29
00611,11,28
00611,12,28
00611,17,33
00611,22,15
00611,4,8
00612,17,9
00612,3,4
00612,5,2
00612,6,3
00612,7,2
00612,9,8
00613,1,52
00613,10,420
00613,12,622
00613,2,47
00613,21,224
00614,0,440
00614,1,241
00614,18,648
00614,6,177
00615,12,109
00615,14,68
00615,20,119
00615,5,35
00616,1,18
00616,10,106
00616,12,145
00616,19,161
00616,5,12
00617,12,757
00617,14,622
00617,17,635
00617,20,442
00617,22,268
00617,6,107
00617,7,210
00617,8,340
00618,0,1
00618,1,1
00618,23,1
00618,7,1
00619,0,368
00619,1,114
00619,14,391
00619,21,246
00619,23,143
00619,4,47
00619,8,207
00706,0,41
00706,1,18
00706,12,35
00706,14,40
00706,2,13
00706,21,48
00706,9,26
00724,1,104
00724,16,176
00724,20,243
00724,21,227
00724,8,121
00727,0,31
00727,16,30
00727,23,11
00735,0,49
00735,1,28
00735,13,50
00735,18,55
00735,20,36
00801,10,52
00801,15,60
00801,17,75
00801,2,29
00801,5,11
00802,10,561
00802,13,724
00802,21,761
00802,4,187
00802,8,386
00804,1,2
00804,18,2
00804,22,3
00804,23,2
00804,3,2
00804,5,1
00804,7,2
00804,9,3
00900,11,2
00900,17,7
00900,18,4
00900,4,3
01001,12,137
01001,20,38
01001,21,40
01001,22,29
01001,9,86
01102,13,318
01102,23,37
01102,4,11
01106,0,426
01106,14,204
01106,2,36
01106,22,64
01106,3,14
01106,4,6
01106,6,26
01107,0,132
01107,1,5
01107,11,91
01107,17,57
01107,19,36
01107,20,28
01107,22,3
01107,6,9
01108,9,1
01109,1,9
01109,11,18
01109,15,19
01109,5,2
01109,9,21
01201,0,36
01201,16,20
01201,18,12
01201,21,10
01201,4,1
01201,7,5
01300,11,57
01300,12,58
01300,14,59
01300,15,50
01300,22,44
01300,3,17
01300,6,19
01300,7,26
01304,0,27
01304,15,22
01304,16,29
01304,19,31
01304,2,12
01304,22,18
01304,4,5
01304,5,6
01304,8,16
01402,0,792
01402,10,628
01402,12,663
01402,14,607
01402,16,781
01402,8,616
01415,18,14
01415,23,9
01501,Thursday,161
01502,16,1
01503,Saturday,81
01503,Thursday,111
01504,3,2
01504,4,2
01510,11,7
01510,12,10
01510,15,10
01510,16,13
01510,17,14
01510,20,17
01510,8,5
01601,16,1
01601,19,1
01602,11,14
01602,13,18
01602,16,21
01602,19,9
01602,2,7
01602,20,6
01602,23,1
01602,4,8
01602,8,2
01603,14,1
01605,4,1
01610,16,1
01610,17,1
01620,6,1
01805,12,7
01805,18,9
01805,7,3
01806,1,1
01806,12,13
01806,17,14
01806,2,2
01806,22,1
01806,5,1
01806,9,8
01807,13,1
01810,11,80
01810,17,316
01810,8,7
01815,1,4
01815,12,11
01815,14,20
01815,17,23
01815,18,26
01815,21,2
01825,1,5
01825,11,3
01825,14,3
01825,16,2
01825,8,1
01825,9,1
01830,13,61
01830,15,55
01830,2,26
01830,21,77
01831,1,11
01831,11,11
01831,21,18
01831,5,5
01831,7,9
01832,10,7
01832,11,10
01832,12,19
01832,19,19
01832,20,13
01832,4,4
01832,5,2
01832,6,5
01832,8,10
01841,0,20
01841,1,8
01841,12,83
01841,20,82
01841,21,22
01842,Friday,237
01842,Monday,226
01843,1,30
01843,15,139
01843,4,16
01843,8,33
01843,9,42
01844,17,58
01844,19,35
01844,2,5
01844,20,25
01844,23,2
01844,7,4
01844,9,21
01845,0,12
01845,10,35
01845,13,72
01845,15,55
01845,16,69
01845,22,15
01845,23,8
01845,3,3
01845,4,5
01845,7,4
01845,9,24
01846,16,55
01846,20,23
01846,21,12
01846,7,6
01846,8,21
01847,14,15
01847,17,26
01847,6,3
01847,8,8
01848,1,21
01848,10,31
01848,17,147
01849,Tuesday,432
01850,13,17
01850,15,10
01850,17,15
01850,18,7
01850,19,2
01850,20,6
01850,21,3
01850,23,2
01850,6,3
01870,0,3
01870,13,6
01870,14,5
01870,16,6
01870,17,11
01870,21,2
01870,7,3
01874,1,2
01874,13,79
01874,14,80
01874,16,134
01874,20,79
01874,3,1
01874,6,13
01874,8,27
01901,5,1
02003,0,3
02003,14,12
02003,15,16
02003,21,3
02003,3,2
02003,4,1
02003,6,4
02004,0,2
02004,11,4
02004,13,3
02004,17,6
02004,18,5
02004,19,3
02004,21,3
02005,13,14
02005,18,14
02005,22,7
02005,23,4
02005,3,3
02005,4,1
02005,6,2
02005,8,10
02006,0,9
02006,10,11
02006,13,12
02006,16,19
02006,20,13
02006,8,15
02006,9,16
02007,11,90
02007,15,71
02007,19,78
02007,2,12
02007,23,38
02007,5,9
02007,6,15
02010,18,4
02010,19,3
02010,2,7
02010,20,1
02010,5,3
02101,0,44
02101,11,5
02101,12,7
02101,15,6
02101,16,13
02101,19,21
02101,20,33
02101,21,24
02101,5,9
02102,0,6
02102,1,3
02102,11,5
02102,13,4
02102,14,3
02102,17,5
02102,19,6
02102,21,7
02204,14,3
02204,18,8
02204,22,31
02204,9,1
02401,13,21
02401,15,13
02401,16,9
02401,18,11
02401,23,2
02401,4,4
02401,8,5
02403,15,21
02403,19,35
02403,2,59
02403,20,45
02403,4,14
02403,5,8
02405,17,83
02405,2,81
02405,7,11
02405,9,37
02407,11,3
02407,7,1
02511,23,3
02604,1,3
02604,12,15
02604,17,9
02604,21,2
02604,3,3
02604,4,3
02605,10,2
02605,6,1
02606,0,1
02608,12,2
02608,19,3
02610,0,148
02610,1,144
02610,14,133
02610,7,61
02611,16,3
02611,17,1
02611,8,1
02612,1,5
02612,10,9
02612,12,11
02612,14,7
02612,15,3
02612,16,5
02612,6,1
02613,11,7
02613,16,5
02613,18,3
02613,5,2
02616,0,17
02616,15,6
02616,18,10
02616,20,6
02616,21,7
02616,6,9
02616,8,6
02617,12,1
02618,0,2
02619,0,5
02619,17,11
02619,2,5
02619,22,2
02619,5,1
02622,0,2
02622,5,1
02622,9,1
02623,11,3
02623,12,4
02623,14,3
02623,16,7
02623,18,3
02623,7,3
02623,9,2
02628,11,1
02628,14,2
02628,18,1
02628,2,2
02628,22,1
02628,23,1
02628,4,1
02629,11,204
02629,13,249
02629,15,236
02629,8,149
02631,0,3
02631,13,1
02631,23,1
02632,11,8
02632,12,11
02632,18,25
02632,19,27
02632,21,20
02632,23,26
02632,7,9
02632,8,12
02636,15,1
02636,17,2
02636,20,1
02641,12,2
02641,20,1
02641,4,1
02642,11,1
02642,13,1
02642,18,1
02642,19,1
02646,12,140
02646,16,34
02646,5,1
02646,8,8
02647,0,318
02647,10,540
02647,13,625
02647,16,599
02647,2,102
02647,23,227
02647,5,51
02647,6,77
02647,9,482
02648,9,4
02657,0,19
02657,10,24
02657,11,20
02657,13,33
02657,18,28
02657,23,10
02657,4,2
02660,10,31
02660,12,25
02660,14,25
02660,15,36
02660,19,32
02660,21,18
02660,3,19
02660,5,6
02660,6,9
02660,7,11
02660,9,22
02662,0,65
02662,14,47
02662,19,45
02662,21,56
02662,22,61
02662,7,13
02662,9,29
02663,12,2
02663,7,2
02664,13,1
02664,20,1
02664,23,1
02670,0,12
02670,1,1
02670,12,8
02670,14,6
02670,17,8
02670,3,3
02900,0,124
02900,15,87
02900,16,142
02900,20,82
02900,5,17
02900,9,214
02905,10,133
02905,12,104
02905,5,8
02906,10,75
02906,13,56
02906,22,33
02906,9,87
02907,1,151
02907,11,160
02907,15,91
02907,17,218
02907,18,187
02907,7,19
02907,9,175
02914,0,32
02914,10,33
02914,15,25
02914,18,31
02914,22,26
02914,5,4
03001,0,38
03001,10,93
03001,14,72
03001,16,56
03001,22,50
03001,4,22
03001,5,36
03001,6,46
03002,0,5
03002,10,13
03002,4,2
03004,10,3
03004,13,4
03004,9,3
03006,13,1068
03006,18,1036
03006,2,495
03006,21,985
03006,5,272
03006,7,397
03006,8,672
03007,10,111
03007,15,73
03007,17,69
03007,18,58
03007,19,49
03007,22,34
03007,4,21
03007,7,62
03007,8,79
03007,9,92
03008,0,18
03008,22,17
03008,6,10
03008,7,9
03016,20,2
03016,23,3
03018,14,77
03018,19,72
03018,2,37
03018,21,69
03018,3,49
03018,5,29
03018,6,22
03029,18,3
03102,12,17
03102,18,9
03102,19,9
03102,22,3
03102,23,9
03102,4,1
03106,0,31
03106,1,19
03106,16,62
03106,19,55
03106,20,41
03106,4,14
03106,7,33
03108,1,119
03108,10,85
03108,2,87
03108,7,146
03109,11,229
03109,21,70
03109,22,64
03109,3,29
03110,15,7
03110,18,3
03110,20,6
03110,21,1
03110,23,1
03110,3,5
03110,5,1
03110,8,7
03111,0,336
03111,12,51
03111,19,35
03111,2,105
03111,4,5
03112,14,58
03112,17,66
03112,2,7
03112,21,44
03112,3,3
03112,5,6
03114,1,377
03114,15,526
03114,18,609
03114,19,512
03114,21,485
03114,22,470
03114,5,169
03114,6,220
03115,12,1170
03115,15,1086
03115,18,1185
03115,19,1144
03115,3,262
03116,11,11
03116,13,10
03116,22,4
03116,5,2
03116,7,6
03119,0,18
03119,10,43
03119,14,53
03119,17,33
03119,18,41
03119,21,23
03119,4,5
03119,5,3
03119,6,6
03119,9,39
03122,10,2
03122,15,4
03122,16,2
03122,17,3
03122,23,1
03122,5,1
03123,10,2
03123,15,1
03123,23,1
03123,8,1
03125,18,620
03125,19,440
03125,2,167
03125,3,93
03125,5,77
03125,6,127
03125,8,425
03130,12,72
03130,13,76
03130,14,72
03130,16,66
03130,18,40
03130,20,19
03130,21,18
03130,23,10
03130,7,25
03160,12,30
03160,6,58
03170,22,10
03170,4,6
03170,7,9
03170,8,9
03170,9,11
03201,10,482
03201,11,549
03202,12,14
03202,15,14
03202,17,13
03202,2,2
03202,6,3
03203,3,1
03205,11,20
03205,19,24
03205,21,19
03205,22,16
03205,3,1
03205,7,11
03207,1,47
03207,19,181
03207,22,119
03207,9,260
03208,0,64
03208,19,38
03208,2,13
03208,21,30
03208,23,19
03208,7,15
03301,0,526
03301,10,559
03301,11,600
03301,12,617
03301,2,255
03301,7,320
03301,8,438
03301,9,492
03302,17,2
03302,22,1
03302,6,1
03304,10,2
03304,11,2
03304,15,2
03304,17,10
03304,19,6
03304,2,30
03304,5,5
03304,9,2
03305,17,14
03305,21,2
03305,8,12
03305,9,19
0339,10,1
03402,14,20
03402,19,23
03402,20,17
03402,22,8
03402,3,3
03402,7,6
03403,17,1
03403,18,1
03403,19,2
03403,20,2
03403,4,1
03410,1,240
03410,21,333
03410,23,195
03410,6,298
03410,9,1323
03501,0,203
03501,1,83
03501,12,194
03501,17,208
03501,18,196
03501,22,278
03501,23,182
03501,3,44
03502,1,105
03502,15,192
03502,17,230
03502,20,254
03502,22,318
03502,5,43
03503,0,17
03503,11,21
03503,14,21
03503,19,41
03503,20,33
03503,22,31
03503,23,17
03503,3,6
03503,5,3
03503,6,9
03503,9,25
03620,10,18
03620,12,17
03620,14,7
03620,19,6
03620,3,1
03620,9,8
03625,12,21
03625,17,16
03625,19,17
03625,22,9
03625,3,8
03625,7,6
03625,8,10
03625,9,17
03801,20,113
03801,22,96
03802,11,335
03802,12,324
03802,13,360
03802,14,315
03802,15,325
03802,17,385
03802,18,327
03802,19,276
03802,21,253
03802,22,288
03802,23,251
03802,4,117
03802,6,153
03802,9,300
03803,10,237
03803,15,348
03803,2,103
03803,23,143
03803,4,64
03803,5,94
03803,6,165
03805,10,49
03805,15,54
03805,22,28
03807,1,13
03807,14,51
03807,15,52
03807,16,51
03807,17,46
03807,20,26
03807,6,22
03807,8,55
03810,1,3
03810,6,25
03810,9,56
03811,1,1
03811,20,18
03811,8,54
03820,0,26
03820,10,79
03820,17,153
03820,9,63
03821,11,14
03821,12,20
03821,15,35
03821,18,41
03821,21,16
03821,22,12
03821,23,6
03821,4,2
03821,7,18
03821,9,27
03830,0,44
03830,13,56
03830,2,44
03830,21,64
03831,0,552
03831,13,773
03831,18,1082
03831,20,882
03831,3,255
03831,6,323
03831,9,726
0403,8,1
0423,21,1
0530,12,1
0540,11,1
0542,11,2
0614,0,1
0617,11,1
0617,18,1
0619,0,1
0619,19,1
0633,11,1
0670,11,4
0670,17,3
0670,18,4
0714,1,1
0802,1,1
1002,11,1
1002,15,1
1503,17,1
1503,18,1
1841,15,1
1842,Thursday,1
1842,Tuesday,2
1848,18,4
1848,20,1
1866,18,1
1866,21,1
1874,18,2
1874,21,1
2006,2,1
2610,0,1
2647,2,1
2910,15,1
3114,14,1
3115,16,4
3115,9,2
3125,21,2
3130,2,2
3201,21,1
