00121,3,1
00121,4,1
00123,1,1
00301,0,215
00301,11,65
00301,15,129
00301,21,219
00311,15,16
00311,20,65
00311,3,6
00311,8,16
00351,14,36
00361,15,29
00361,17,45
00361,18,27
00361,21,42
00361,23,31
00361,6,13
00371,10,5
00371,12,6
00371,18,6
00371,2,3
00371,21,9
00371,22,8
00371,6,2
00381,0,8
00381,21,7
00381,23,9
00381,7,1
00413,1,309
00413,10,158
00413,12,176
00413,13,212
00413,14,192
00413,2,282
00413,22,270
00413,23,292
00413,4,97
00423,15,153
00423,19,152
00423,4,38
00423,5,25
00423,7,55
00423,8,77
00520,10,134
00520,11,149
00520,16,149
00520,20,106
00520,5,33
00521,0,31
00521,10,32
00521,15,25
00521,18,34
00521,19,28
00521,2,23
00521,22,21
00522,11,108
00522,16,115
00522,20,119
00522,3,56
00522,7,95
00540,14,18
00540,16,30
00540,2,45
00540,21,31
00541,0,5
00541,11,3
00541,13,2
00541,15,1
00541,20,3
00541,9,6
00542,1,13
00542,14,13
00542,15,12
00542,16,15
00542,19,14
00542,20,17
00542,21,6
00542,22,9
00560,12,13
00560,13,6
00560,16,18
00560,17,10
00560,21,9
00560,9,23
00561,12,2
00561,15,2
00561,5,1
00561,6,1
00561,9,2
00562,10,7
00562,11,13
00562,12,7
00562,15,11
00562,19,6
00562,2,3
00562,22,5
00562,5,3
00611,14,25
00611,15,27
00611,16,22
00611,19,22
00611,8,15
00611,9,8
00612,10,7
00612,11,10
00612,20,11
00612,21,14
00612,23,13
00612,4,4
00612,8,1
00613,0,71
00613,11,531
00613,13,697
00613,23,59
00613,4,26
00613,7,109
00614,12,391
00614,19,602
00614,20,540
00614,3,127
00615,11,83
00615,13,69
00615,15,72
00615,16,95
00615,22,99
00615,23,90
00615,3,30
00615,6,45
00615,7,81
00615,9,94
00616,15,116
00616,16,149
00616,18,206
00616,20,141
00616,4,5
00616,8,124
00617,16,603
00617,4,55
00618,12,3
00618,20,1
00619,12,433
00619,13,341
00619,22,152
00619,7,107
00619,9,237
00706,13,34
00706,15,33
00706,17,49
00706,20,60
00724,12,162
00724,14,180
00724,2,83
00724,22,231
00724,3,63
00724,9,155
00727,1,9
00727,15,17
00727,17,26
00727,21,17
00727,6,1
00727,7,7
00727,9,18
00735,11,74
00735,12,67
00735,15,51
00735,2,20
00735,22,40
00735,8,47
00735,9,76
00801,1,26
00801,13,51
00801,14,59
00801,16,45
00801,19,60
00801,22,34
00801,3,18
00801,6,15
00802,1,748
00802,12,735
00802,15,798
00802,17,888
00802,22,677
00802,7,279
00804,0,3
00804,10,4
00804,16,7
00804,21,5
00900,14,4
00900,16,3
00900,23,3
00900,5,3
00900,8,3
00900,9,6
01001,0,98
01001,1,16
01001,11,110
01001,14,118
01001,15,108
01001,16,108
01001,17,98
01001,18,69
01001,23,22
01102,0,424
01102,1,28
01102,10,327
01102,11,288
01102,14,323
01102,15,275
01102,16,292
01102,17,301
01102,19,180
01102,8,161
01106,1,50
01106,10,171
01106,11,157
01106,13,220
01106,17,166
01106,18,185
01106,19,133
01106,23,46
01106,5,9
01107,12,117
01107,21,10
01107,4,2
01107,9,76
01108,0,3
01108,13,1
01108,14,2
01108,18,2
01108,2,1
01109,16,19
01109,18,12
01109,23,2
01109,7,3
01201,1,2
01201,10,14
01201,13,24
01201,15,21
01201,19,12
01300,13,45
01300,16,47
01300,17,69
01300,19,45
01300,2,31
01300,20,44
01300,5,9
01304,1,12
01304,14,28
01304,18,26
01304,7,10
01402,13,560
01402,2,472
01402,23,757
01415,10,15
01415,14,16
01415,2,8
01415,20,11
01415,21,8
01415,22,7
01415,6,3
01501,Friday,136
01501,Saturday,125
01501,Tuesday,101
01502,10,1
01503,Monday,84
01503,Wednesday,110
01504,10,8
01504,13,4
01504,14,2
01504,19,19
01504,2,5
01504,23,8
01504,8,4
01510,13,12
01510,19,15
01510,2,9
01510,4,8
01601,0,2
01601,1,5
01601,17,1
01601,2,2
01601,23,1
01601,3,3
01601,4,4
01601,5,1
01602,1,10
01602,14,10
01602,5,3
01603,13,1
01605,0,1
01605,1,2
01605,17,1
01605,18,1
01610,15,2
01805,1,4
01805,11,13
01805,13,11
01805,17,8
01805,20,3
01805,4,2
01805,8,2
01806,14,3
01806,16,23
01806,19,13
01806,20,3
01806,21,7
01806,7,4
01807,14,1
01807,16,1
01807,19,1
01807,8,1
01810,15,117
01810,2,4
01810,21,47
01810,7,31
01815,13,11
01815,19,22
01815,2,3
01815,6,1
01825,13,4
01830,0,57
01830,1,50
01830,10,45
01830,17,97
01830,19,72
01830,22,54
01830,3,20
01830,4,20
01830,7,16
01831,14,20
01831,17,18
01831,19,17
01831,2,6
01831,23,9
01831,3,11
01831,4,9
01831,9,5
01832,15,17
01832,16,24
01832,18,25
01832,7,11
01832,9,10
01841,17,152
01841,3,2
01841,5,4
01842,Sunday,103
01842,Thursday,248
01842,Tuesday,260
01843,0,72
01843,13,113
01843,17,280
01843,18,284
01843,19,237
01843,22,31
01843,23,17
01843,5,5
01843,6,21
01844,13,35
01844,18,34
01844,21,5
01845,14,50
01845,18,115
01846,1,12
01846,12,32
01846,13,55
01846,14,39
01846,3,1
01846,4,3
01847,10,10
01847,15,14
01847,16,25
01847,18,18
01847,19,16
01847,23,1
01848,11,27
01848,12,34
01848,19,93
01848,3,4
01848,7,5
01848,9,18
01849,Monday,396
01849,Saturday,355
01849,Thursday,424
01849,Wednesday,400
01850,11,15
01850,12,11
01850,8,5
01870,10,7
01870,11,5
01870,15,8
01870,22,2
01870,4,1
01874,0,70
01874,12,92
01874,18,137
01901,0,1
02003,10,14
02003,12,14
02003,19,14
02003,7,8
02003,8,12
02004,12,3
02004,14,1
02004,15,6
02004,20,2
02005,1,2
02005,14,11
02005,19,11
02005,2,2
02006,12,19
02006,14,13
02006,21,11
02006,3,4
02006,6,4
02006,7,6
02007,12,101
02007,16,108
02007,17,94
02007,18,93
02007,20,75
02007,22,52
02010,10,3
02010,15,2
02010,17,3
02010,21,7
02010,3,2
02010,4,3
02101,2,71
02101,23,36
02101,3,24
02101,7,5
02101,9,3
02102,18,7
02102,2,6
02102,22,5
02102,8,3
02102,9,3
02204,0,62
02204,1,29
02204,12,3
02204,15,4
02204,16,5
02204,2,6
02204,3,3
02401,1,17
02401,20,11
02401,21,7
02401,7,2
02403,1,69
02403,11,38
02403,17,33
02403,23,43
02403,3,44
02403,9,37
02405,14,53
02405,16,78
02405,6,12
02407,0,11
02407,1,2
02407,18,9
02407,19,8
02407,22,8
02407,23,3
02511,1,4
02511,10,2
02511,12,3
02511,13,2
02511,14,4
02511,19,2
02511,2,1
02511,9,1
02604,14,17
02604,15,13
02604,16,9
02604,18,9
02604,22,7
02604,9,18
02605,17,1
02608,11,2
02608,15,1
02608,16,4
02608,17,3
02608,21,4
02610,11,197
02610,13,172
02610,19,183
02610,20,153
02610,21,113
02610,3,73
02610,5,37
02610,6,46
02610,9,154
02611,6,1
02612,0,10
02612,11,6
02612,18,3
02612,20,4
02612,22,4
02612,23,4
02612,9,8
02613,0,1
02613,12,5
02613,14,8
02613,15,1
02613,21,3
02613,8,3
02616,10,14
02616,19,6
02616,23,5
02616,3,8
02616,4,7
02617,10,1
02617,14,1
02617,16,4
02617,18,1
02617,7,1
02618,17,1
02618,8,1
02619,10,16
02619,12,14
02619,16,16
02619,18,14
02619,4,1
02619,6,10
02619,8,11
02619,9,21
02622,10,1
02622,11,6
02622,12,4
02622,14,2
02622,18,3
02622,2,1
02622,20,3
02622,21,3
02622,3,2
02622,8,1
02623,0,5
02623,13,6
02623,20,4
02628,12,1
02628,15,1
02628,16,5
02628,8,2
02629,16,290
02629,19,212
02629,2,33
02629,20,218
02629,23,82
02629,6,30
02631,12,1
02632,0,20
02632,17,17
02632,22,21
02632,6,4
02632,9,8
02636,1,1
02636,19,1
02636,21,1
02641,10,2
02641,17,2
02641,18,1
02642,17,2
02642,20,4
02642,21,3
02642,23,2
02642,9,4
02646,0,17
02646,14,32
02646,18,83
02646,20,35
02646,23,6
02646,3,4
02646,4,1
02646,6,1
02647,20,493
02647,4,50
02647,7,172
02648,0,3
02648,10,8
02648,11,6
02648,15,3
02648,16,5
02648,18,3
02648,19,3
02648,22,2
02648,7,5
02657,19,21
02657,20,10
02657,22,12
02657,8,8
02660,16,33
02660,20,29
02662,1,52
02662,10,36
02662,11,39
02662,12,45
02662,13,51
02662,20,47
02662,23,63
02662,5,14
02663,11,7
02663,14,1
02663,22,2
02663,8,3
02663,9,8
02664,11,1
02670,13,8
02670,15,8
02670,20,5
02672,11,1
02900,1,167
02900,10,199
02900,12,164
02900,13,140
02900,22,90
02900,23,66
02900,3,49
02900,7,100
02900,8,193
02905,1,105
02905,15,71
02905,17,171
02905,2,82
02905,21,69
02905,22,62
02905,9,113
02906,1,57
02906,12,53
02906,14,53
02906,15,33
02906,23,19
02906,3,7
02906,4,4
02906,6,8
02906,7,18
02907,10,173
02907,12,147
02907,19,137
02907,21,88
02907,22,108
02907,4,18
02907,8,145
02914,1,12
02914,11,29
02914,12,29
02914,19,19
02914,2,21
02914,4,5
02914,9,22
03001,11,70
03001,12,79
03001,13,70
03001,15,64
03001,20,43
03001,7,51
03001,8,53
03002,15,23
03002,20,19
03002,23,2
03002,6,5
03002,7,13
03004,17,1
03004,22,3
03004,7,3
03006,10,1012
03006,11,998
03006,12,1087
03006,14,1057
03006,16,1078
03006,17,1052
03006,19,1030
03006,22,869
03006,6,274
03007,0,37
03007,1,20
03007,13,77
03007,21,43
03007,5,30
03008,11,11
03008,14,18
03008,17,16
03008,2,12
03008,21,19
03008,3,14
03016,18,1
03018,1,35
03018,10,88
03018,12,76
03018,18,77
03018,22,59
03018,23,44
03018,8,48
03029,17,5
03102,0,13
03102,10,8
03102,14,17
03102,3,1
03102,9,9
03106,12,50
03106,14,62
03106,2,16
03106,23,21
03106,3,13
03106,6,19
03106,8,57
03108,5,105
03108,6,108
03109,13,140
03109,15,113
03109,18,133
03109,20,68
03109,4,19
03110,10,13
03110,12,13
03110,16,9
03110,4,2
03110,6,10
03110,7,3
03110,9,14
03111,1,214
03111,11,47
03111,13,74
03111,15,24
03111,16,54
03111,23,283
03111,3,18
03111,7,2
03112,12,60
03112,15,47
03112,16,59
03112,18,61
03112,4,4
03112,7,16
03112,9,57
03114,10,540
03114,11,521
03114,16,857
03114,17,695
03114,23,453
03115,11,1022
03115,17,1178
03115,21,894
03115,22,763
03115,9,817
03116,0,6
03116,12,13
03116,14,5
03116,16,24
03116,3,2
03119,13,63
03119,8,31
03122,13,1
03122,19,3
03122,20,2
03122,8,1
03123,11,2
03123,9,2
03125,0,295
03125,1,276
03125,10,568
03125,11,573
03125,12,519
03125,13,474
03125,14,466
03125,16,509
03125,17,629
03125,22,203
03125,23,136
03125,4,73
03130,11,79
03130,15,55
03130,17,58
03130,19,38
03130,2,6
03130,4,35
03130,5,23
03130,6,49
03160,2,35
03160,4,44
03160,5,45
03170,13,20
03170,14,14
03170,18,20
03170,19,15
03170,20,12
03170,21,18
03201,0,551
03201,1,194
03201,13,547
03201,15,548
03201,16,605
03201,19,439
03201,2,147
03201,3,56
03201,7,183
03201,9,393
03202,13,14
03202,16,14
03202,18,10
03202,8,9
03203,11,1
03203,12,2
03203,19,1
03205,1,8
03205,13,25
03205,15,22
03205,16,27
03205,20,35
03205,23,16
03205,4,2
03205,5,3
03207,0,121
03207,10,269
03207,11,215
03207,14,239
03207,23,84
03207,8,212
03208,13,51
03208,15,59
03208,17,60
03208,22,26
03208,4,4
03208,6,23
03208,9,37
03301,1,346
03301,13,643
03301,17,739
03301,18,821
03301,20,858
03301,23,607
03301,3,198
03301,5,114
03302,0,5
03302,11,1
03302,12,3
03302,14,2
03302,16,1
03302,18,1
03303,11,1
03303,22,3
03304,0,177
03304,20,17
03304,22,52
03304,3,19
03304,8,5
03305,12,43
03305,13,20
03305,14,14
03305,16,28
03305,20,3
03305,6,5
0334,9,1
03402,13,14
03402,16,21
03402,18,24
03402,2,2
03402,23,5
03402,5,2
03402,8,10
03402,9,14
03403,10,1
03403,12,1
03403,5,2
03410,11,752
03410,16,350
03410,17,373
03410,18,319
03410,19,313
03410,2,176
03410,20,317
03410,22,249
03501,10,156
03501,11,171
03501,15,176
03501,2,65
03501,4,33
03501,9,147
03502,11,191
03502,16,264
03502,18,229
03502,2,69
03502,23,227
03503,1,6
03503,10,27
03503,13,23
03503,21,30
03620,11,22
03620,15,4
03620,18,16
03620,2,2
03620,22,3
03620,23,2
03625,11,24
03625,14,8
03625,15,20
03625,2,7
03625,5,3
03801,0,126
03801,11,131
03801,13,145
03801,16,191
03801,17,174
03801,19,150
03801,6,81
03801,7,112
03801,8,132
03802,1,210
03802,20,256
03803,11,254
03803,12,224
03803,13,284
03803,19,216
03803,20,208
03803,21,186
03805,1,21
03805,11,55
03805,17,63
03805,4,1
03805,5,7
03805,6,7
03805,8,40
03807,12,43
03807,18,42
03807,5,5
03807,9,52
03810,10,28
03810,13,44
03810,15,53
03810,17,94
03810,18,81
03810,2,7
03810,20,29
03810,21,25
03810,22,30
03810,23,15
03810,4,2
03810,5,4
03811,0,5
03811,11,15
03811,16,31
03811,5,4
03811,7,10
03820,12,88
03820,14,90
03820,15,114
03820,20,65
03820,21,63
03821,14,24
03821,2,1
03821,8,25
03830,1,37
03830,10,48
03830,14,76
03830,17,77
03830,18,91
03830,22,84
03830,4,7
03831,1,392
03831,11,713
03831,19,959
03831,21,827
03831,7,530
03831,8,700
0403,11,1
0403,21,1
0403,9,1
0413,17,1
0522,11,1
0527,14,1
0540,12,1
0613,11,1
0616,18,3
0617,21,1
0619,11,1
0619,15,1
0623,17,1
0624,20,1
0627,17,1
0629,17,2
0634,0,1
0639,10,1
0670,0,6
0670,12,7
0670,9,8
0735,9,1
0802,17,1
0802,18,1
0802,21,2
0802,23,1
0803,15,1
1302,1,1
1402,22,1
1501,0,1
1601,0,1
1602,1,1
1841,10,1
1848,12,1
1849,Friday,1
1849,Thursday,2
1863,Friday,1
1864,14,1
2405,22,1
2610,10,1
2610,19,1
2616,20,1
2647,0,1
3125,10,2
3125,11,2
3125,14,1
3125,9,1
